Mohave|00025445|[-1678738.7303, 1388363.6387, -1450623.9738999999, 1701476.4908]
Alameda|01675839|[-2268050.3302999996, 1901968.3373000007, -2201720.868, 1966590.8259000008]
Alpine|01675840|[-2058984.9438000005, 1952752.2036000006, -2010543.1151000005, 2024269.8894000007]
Humboldt|01681908|[-2356113.742900001, 2222618.1158000007, -2249056.836800001, 2392069.165900001]
Lake|00277281|[-2291000.0879999995, 2057080.3098000009, -2233533.6623999993, 2161475.1901000007]
Los Angeles|00277283|[-2082308.0802999996, 1326478.6089000003, -1948801.8547999996, 1555443.8729000003]
Nevada|01682927|[-2142521.637599999, 2057522.4020000007, -2025219.800199999, 2104844.9673000006]
San Mateo|00277305|[-2292031.3486, 1880946.4648000002, -2258737.5012000003, 1950732.4659000002]
Santa Clara|00277307|[-2270363.1597000007, 1839757.6497000009, -2193561.1773000006, 1915491.079900001]
Yuba|00277322|[-2170711.6053, 2059597.6138000004, -2102533.3628, 2124842.0992000005]
Boulder|00198122|[-819514.4816999994, 1914597.0516, -762315.9680999995, 1957462.0198]
Delta|00198130|[-1063946.6287999991, 1797667.4353, -981418.2715999992, 1858790.7465]
Jefferson|00198145|[-803607.9691000003, 1828634.2734999992, -765835.6035000003, 1916554.4199999992]
Ouray|00198161|[-1047794.4635000005, 1713377.5697000008, -997975.4827000005, 1766956.8018000007]
Boise|00395157|[-1613104.3734000009, 2455209.037900001, -1505893.180500001, 2529402.4286000007]
Camas|00399408|[-1532915.5458000004, 2388182.0912999995, -1475200.7303000004, 2469976.9033999997]
Clark|00399755|[-1351418.8911000006, 2448129.8512999993, -1232410.7104000007, 2507999.5025999993]
Elmore|00400252|[-1628499.9469000008, 2351464.5944999997, -1507414.4436000008, 2500063.5368]
Franklin|00395585|[-1318976.4987000003, 2214720.2830999997, -1267297.2614000004, 2265904.4576]
Fremont|00395408|[-1285472.3544999994, 2423035.5573999994, -1189292.1212999995, 2516556.890299999]
Lewis|00395622|[-1593349.4190999996, 2728204.2051999997, -1535771.5674999997, 2777080.7166]
Valley|00399756|[-1599548.4206000008, 2518956.5600000005, -1458273.7757000008, 2634318.8416000004]
Grant|00485099|[-484354.84720000066, 1606153.8063999992, -444076.21350000065, 1647296.933099999]
Wallace|00485060|[-520495.6495999992, 1754933.9169999994, -468908.9361999992, 1806305.6957999994]
Cascade|01719622|[-1216546.6064, 2734039.8106999993, -1106597.6487, 2842212.799799999]
Chouteau|01719619|[-1159742.5687000006, 2793558.8055000007, -1012806.7812000007, 2896053.590800001]
Deer Lodge|01719617|[-1352426.9217000008, 2653141.3318000007, -1272909.1187000007, 2704137.6035000007]
Flathead|01719611|[-1422148.8586, 2850296.0626, -1263816.4593, 3024545.4379999996]
Lake|01796943|[-1397980.5913999993, 2811624.1809, -1322705.8192999994, 2912051.9037]
Madison|01720033|[-1298281.2427999992, 2512164.6896, -1192086.0723999992, 2646086.4175]
Powell|01720021|[-1323443.4991999995, 2697530.8606000002, -1246292.9828999995, 2855206.7823]
Rosebud|01716795|[-908751.1114000008, 2509336.0244999994, -771042.1577000008, 2708130.4446999994]
Valley|01678923|[-860925.1270000003, 2789046.7470999993, -730035.9479000004, 2936877.464299999]
Harding|00933055|[-751032.9232000001, 1396306.2569000004, -656574.3828, 1496570.5789000003]
Sierra|01702370|[-1108690.9647000004, 1121906.7008999996, -954172.3367000003, 1226509.3199999996]
Grant|01035300|[-468124.2963999994, 2570204.8279, -387911.1050999994, 2651437.4054]
Sioux|01034208|[-465414.2703000009, 2558920.0286, -349671.6548000009, 2613059.3691]
Williams|01035306|[-604593.7201000005, 2798137.945800001, -510385.5691000005, 2873362.257400001]
Clackamas|01155127|[-2079529.4837999996, 2706164.2531000003, -1987779.4395999997, 2787203.4984000004]
Gilliam|01135850|[-1906352.5983000007, 2686286.7335, -1846903.5638000006, 2775892.7551]
Klamath|01155134|[-2135024.6407999992, 2376629.8935000002, -2002218.1732999992, 2575512.9499000004]
Lane|01135855|[-2221980.4536000006, 2559553.943499999, -2028257.3494000006, 2693712.595499999]
Linn|01135857|[-2137174.7589999996, 2640191.7481999993, -2015693.4968999997, 2722540.2385999993]
Malheur|01135858|[-1809598.4116999991, 2301475.1623, -1652304.9073999992, 2584496.4884]
Multnomah|01135861|[-2072521.9759, 2769572.1503999997, -1994477.8525999999, 2821165.6196999997]
Sherman|01135863|[-1941451.4606999997, 2702021.5449, -1882031.7373999998, 2775339.6950000003]
Meade|01266991|[-602397.2391999997, 2367066.2191000003, -471876.0770999997, 2470164.3157]
Pennington|01266995|[-644370.5954, 2314908.1884000003, -475662.0023, 2406290.5687]
Crane|01383837|[-641476.6066999994, 909916.7034999998, -596307.3713999994, 975736.1600999999]
Pecos|01383971|[-723508.1322000008, 797081.8503, -551232.2609000008, 946274.2242]
Ward|01384023|[-718084.3410999998, 933406.0021000002, -638630.8219999998, 981767.9739000001]
Beaver|01448015|[-1557433.8464000002, 1802828.3631999996, -1407506.4801000003, 1874545.9360999996]
Box Elder|01455966|[-1496482.4833000004, 2122562.9307000004, -1309341.1956000004, 2250687.3277000003]
Kane|01448026|[-1481996.5079999994, 1660286.9140000008, -1276821.1963999995, 1742846.1077000007]
Morgan|01448028|[-1315491.555400001, 2080673.9337000009, -1260899.6604000009, 2144077.8126000008]
Salt Lake|01448031|[-1354608.9481000006, 2046185.2643999998, -1299160.1282000006, 2102580.3545]
Summit|01448035|[-1304090.6462999992, 2049638.9392000008, -1164097.0729999992, 2126137.8771000006]
Benton|01513302|[-1836661.0980999991, 2766832.289000001, -1760520.989299999, 2859601.2057000007]
Chelan|01531932|[-1879426.0582999997, 2927894.088199999, -1778104.4651999997, 3079751.383699999]
Clallam|01531341|[-2126482.8048, 3049654.9307000004, -1995279.3128, 3144228.8016000004]
Cowlitz|01529156|[-2076877.4091999996, 2831786.0529999994, -1998111.4671999996, 2898136.5831999993]
Kittitas|01531926|[-1915077.9056000002, 2869326.273499999, -1808667.8812000002, 2984084.065799999]
Lincoln|01514052|[-1731814.6983000003, 2886359.6251, -1631904.8503000003, 2980046.6069]
Stevens|01531930|[-1669457.4070999995, 2938959.8376, -1574216.2700999994, 3079522.088]
Park|01605079|[-1186413.2105, 2386141.1567, -990548.7197, 2539572.8747]
Teton|01605083|[-1209318.6542000007, 2339165.2139, -1116812.1313000007, 2502742.6615999998]
Weston|01605086|[-729869.4037999995, 2306368.6317999996, -641204.7703999995, 2388507.4581999998]
Coconino|00025443|[-1549634.0118000004, 1348448.7325, -1295158.4362000003, 1677382.5868]
Graham|00025444|[-1346607.4031000007, 1123788.4189, -1222827.0852000008, 1264344.1269]
La Paz|00043540|[-1724189.2210000008, 1269132.0461, -1574133.3289000008, 1406586.3381999999]
Maricopa|00037026|[-1610889.1962000001, 1177046.7105999999, -1382717.621, 1359440.7318999998]
Yuma|00023901|[-1746908.1537999995, 1144280.7955999998, -1593230.9598999994, 1316649.7092999998]
Mendocino|00277287|[-2348097.5452999994, 2081386.3140999991, -2248859.306399999, 2234225.904799999]
Mono|00277290|[-2028993.6526999995, 1821614.3413999993, -1896034.3363999994, 1993583.0736999994]
Riverside|00277297|[-1973802.6413000003, 1319760.4647000004, -1678115.5065000001, 1441874.1763000004]
San Benito|00277299|[-2237103.0725, 1745621.9652999993, -2159043.1424, 1848484.4052999993]
San Luis Obispo|00277304|[-2243719.6646, 1577133.4543999992, -2101043.3389999997, 1716801.6034999993]
Santa Barbara|00277306|[-2218390.3209000006, 1411837.5733000003, -2103178.283800001, 1614248.8824000002]
Sutter|00277315|[-2193983.684800001, 2037657.0964000002, -2154840.756400001, 2108856.3524]
Tulare|00277318|[-2087220.4519999996, 1642410.6136000007, -1947744.1585999995, 1766457.5643000007]
Clear Creek|00198125|[-842301.8498, 1877888.0594999995, -796781.5479, 1912251.6328999996]
Costilla|00198127|[-859408.4075000007, 1589083.0198, -799244.8261000006, 1664222.1665999999]
Denver|00198131|[-773726.5188999996, 1880161.9762999993, -727816.5277999996, 1911023.1064999993]
Huerfano|00198143|[-829600.8847000003, 1621930.2969000004, -727251.1629000003, 1703379.4062000003]
Park|00198162|[-873118.6559999995, 1780392.6402000003, -797859.2521999995, 1881458.6427000002]
Rio Grande|00198168|[-937175.7324000001, 1642130.7189000007, -874505.2036000001, 1696754.8534000006]
San Miguel|00198172|[-1132646.2919999994, 1701772.2544999998, -1018913.3638999994, 1757532.9776999997]
Bannock|00395091|[-1352772.2752, 2248347.0453999992, -1291638.2259, 2343465.761199999]
Owyhee|00399760|[-1715671.0627999995, 2266832.3730999995, -1538609.5330999994, 2484724.2115999996]
Power|00394951|[-1397644.8878000006, 2266870.3494000006, -1328434.5553000006, 2361418.5277000004]
Teton|00399297|[-1232114.5508999992, 2374334.1558999997, -1197764.9324999992, 2427730.7738999994]
Twin Falls|00399334|[-1555839.4802, 2254494.2963999994, -1460926.066, 2367639.9044999992]
Taos|00933056|[-893416.7125000004, 1482844.9124999996, -810734.9692000004, 1596640.0006999997]
Golden Valley|01035617|[-618270.1885000002, 2641453.9799000006, -580982.8590000002, 2730076.8361000004]
McKenzie|01035299|[-610900.1692999993, 2724195.9767000005, -492613.55529999925, 2815769.6392000006]
Morton|01034207|[-467482.2287000008, 2598655.9791, -349559.18150000076, 2680562.2973]
Carter|01688746|[-710624.7081000004, 2472284.7930999994, -624367.9538000004, 2604539.4259999995]
Fergus|01719614|[-1076044.7612999994, 2704239.0661999993, -929842.0953999994, 2825218.6464999993]
Gallatin|01720053|[-1224356.8586999997, 2481523.819599999, -1138903.5636999998, 2673342.8046999993]
Judith Basin|01719602|[-1122546.6138000004, 2709965.5011, -1044474.2846000004, 2799187.6523]
Lewis and Clark|00793926|[-1292903.4980999995, 2709973.1943999995, -1182541.3586999995, 2887063.5600999994]
McCone|01716270|[-783028.4603000004, 2716768.8584000003, -690073.1046000004, 2827984.8479000004]
Meagher|01719600|[-1192899.8249999993, 2660184.1589, -1091289.4995999993, 2769514.2154]
Pondera|01719587|[-1292094.1174999997, 2870553.6326, -1150471.3922999997, 2939117.8559000003]
Roosevelt|01669428|[-739262.5776000004, 2803336.155200001, -601138.5920000004, 2877911.1778000006]
Teton|01720018|[-1272181.5079999994, 2823959.2356000002, -1154568.9101999993, 2906682.2216000003]
Garden|00835856|[-550520.4694999997, 2039839.1272999998, -493895.77589999966, 2130793.7314]
Churchill|00858638|[-1953589.6396999992, 1997819.0968999993, -1803216.6866999993, 2125876.9437999995]
Lander|00863368|[-1851308.4242000002, 1983421.2600999996, -1704429.1096000003, 2192179.2883999995]
Pershing|00858646|[-1955276.3270999994, 2092813.3977000006, -1770514.5378999994, 2232032.3460000004]
McKinley|00929107|[-1177784.8280999996, 1396190.7001999998, -1007902.7421999995, 1518871.3823999998]
Rio Arriba|01702368|[-1032911.2332000006, 1477941.7225000001, -849865.1218000005, 1611186.0935000002]
Terrell|01384007|[-632042.0406999998, 761938.5608999999, -540183.2525999998, 861167.5086]
Tooele|01448036|[-1520019.2870000005, 1995039.8409000002, -1350738.8400000005, 2141461.8844000003]
Uintah|01448037|[-1192178.4802, 1903625.3443, -1090561.5786000001, 2063549.6219]
Wasatch|01448039|[-1307699.5598000009, 1974347.4384000003, -1243946.1229000008, 2068690.6915000004]
Pacific|01513274|[-2137748.2852999996, 2897205.3148, -2069064.2166999998, 2960977.2577]
Skagit|01531402|[-1969415.133199999, 3055648.6326, -1820568.101399999, 3124689.0152000003]
Snohomish|01529222|[-1967466.7281, 3003068.0814999994, -1847939.9453999999, 3083602.3873999994]
Yakima|01531929|[-1954970.3690000009, 2792488.3353000004, -1815252.4718000009, 2934357.0271000005]
Big Horn|01605067|[-999432.9423999991, 2404847.1060000006, -884390.8751999991, 2511664.6068000006]
Fremont|01605072|[-1127647.1391000003, 2197371.1888999995, -925249.8847000003, 2418182.8961999994]
Apache|00025441|[-1276290.4969999995, 1248263.1804, -1146479.8793999995, 1641289.7900999999]
Butte|01675842|[-2186554.9747, 2100606.706700001, -2109286.0663, 2189752.818000001]
Solano|00277312|[-2262668.0754000004, 1972034.9680000003, -2189987.6954000005, 2028075.9807000004]
Douglas|00198133|[-797754.8787999991, 1823221.8987000007, -736297.7565999991, 1875002.3722000008]
Gunnison|00198141|[-1005372.1433000006, 1734522.2686, -884133.2964000006, 1862459.1424]
Clatsop|01135846|[-2145483.6515999995, 2836842.4288999997, -2088877.2285999996, 2906108.5305]
Deschutes|01155130|[-2063781.2975999992, 2531044.161800001, -1898140.3221999994, 2655534.214300001]
Douglas|01135849|[-2234868.3302999996, 2503317.4521999992, -2072201.6610999997, 2651726.6902999994]
Dewey|01266994|[-432964.31200000085, 2425506.8519, -333931.7120000009, 2510566.7014]
Borden|01383802|[-531161.1361999996, 1063362.3255000003, -480430.4843999996, 1114864.6028000002]
Crockett|01383838|[-607369.8603000008, 813752.2359999996, -471774.07180000073, 910577.2893999995]
Hudspeth|01383900|[-945586.5072000008, 879799.9089000002, -837460.5377000008, 1041452.8993000002]
Presidio|01383974|[-857739.9609999992, 718277.3534000004, -747251.8861999991, 879799.9089000004]
Reagan|01383977|[-549095.4417000003, 903215.7041999996, -497233.8077000003, 969517.0210999995]
Natrona|01605077|[-941301.3511999995, 2202989.1611, -809776.7646999995, 2334971.8339]
Calaveras|01675885|[-2142591.681500001, 1921136.833900001, -2054961.088500001, 1985612.8405000009]
Pitkin|00198164|[-977107.4680000003, 1825110.4605999999, -888377.6056000004, 1874570.0454]
Idaho|00395699|[-1609692.6669999994, 2611543.9628999997, -1398670.0014999993, 2767443.3693]
Blaine|01722470|[-1019366.1317999996, 2814645.6213000007, -904060.1391999996, 2959099.1507000006]
Grant|01135851|[-1872263.3904, 2545443.5516999997, -1735680.3874, 2676075.9267999995]
Grays Harbor|01531823|[-2123651.9312999994, 2940291.0670999996, -2047094.6515999993, 3044901.1769]
Greeley|00485002|[-523535.50170000084, 1706449.8586, -479364.79330000083, 1757572.4978]
Jackson|00198144|[-905690.1791999992, 1969460.0162000004, -826362.2859999991, 2050988.1234000004]
Broadwater|01719625|[-1217930.7643, 2638490.9612000007, -1156095.795, 2741316.710600001]
Silver Bow|01719575|[-1321063.707800001, 2629198.9586999994, -1254565.602500001, 2688633.411399999]
Colusa|01675902|[-2257352.7398000006, 2066223.164999999, -2182270.0718000005, 2137876.368999999]
Monterey|00277291|[-2276347.2993, 1690009.8210000005, -2145526.1541, 1846611.0804000006]
Stanislaus|00277314|[-2210054.9266, 1858784.1284999996, -2108480.5587, 1953921.4095999997]
San Juan|00198171|[-1043497.4283000007, 1682976.6264999993, -997100.8613000007, 1720849.8216999993]
Caribou|00395406|[-1307074.7139999997, 2261868.3773999996, -1214487.3504999997, 2334985.6026999997]
Shoshone|01702379|[-1543050.9176000003, 2804428.8658000007, -1440455.1059000003, 2947190.1951000006]
Garfield|01716058|[-911628.2530000005, 2691587.9658000004, -767138.2764000006, 2819450.5113000004]
Missoula|01719596|[-1423423.7103000004, 2755645.3528000005, -1311183.1857000003, 2861963.6691000005]
Banner|00835826|[-667385.4251000006, 2066881.5277999993, -608334.1040000005, 2105291.5765999993]
Washoe|00858608|[-2033161.3296000008, 2048973.4878000002, -1899744.5932000007, 2358291.1489000004]
Grant|00915980|[-1211267.3399999999, 1050516.3893, -1080735.8429999999, 1209445.4448]
Curry|01155129|[-2294721.6812999994, 2443066.0405, -2222670.5671999995, 2561350.3287]
Ector|01383853|[-641616.0757999998, 972576.6928000003, -590177.4447999997, 1024180.0325000003]
Carbon|01448018|[-1290038.2789999992, 1915555.1996999998, -1173365.8996999993, 1969583.3412999997]
Grand|01448024|[-1213642.8761, 1796270.7819999997, -1108678.0031, 1915557.2533999996]
Mason|01529221|[-2068589.5151000004, 2969369.2726000007, -2004692.5449000003, 3033998.941900001]
Whatcom|01529224|[-1980402.5775000006, 3089315.6885, -1813943.1232000005, 3172567.9206000003]
Lemhi|00399754|[-1477799.1874000002, 2478168.0502000004, -1329327.1569000003, 2656408.5175000005]
Washington|00399757|[-1674607.4998000003, 2524381.1938000005, -1599460.7818000005, 2608640.7339000003]
Big Horn|01716521|[-993807.4796999991, 2488634.323999999, -804469.581699999, 2617220.558899999]
Mineral|01720030|[-1489232.0987, 2775718.5632000007, -1398099.0021, 2874323.5222000005]
Sanders|01719578|[-1497937.4393000007, 2814347.1043999996, -1374867.8983000007, 2960641.4898999995]
Clark|00863600|[-1760998.1086, 1491829.2025000006, -1585119.6501, 1716408.0414000007]
White Pine|00858615|[-1691827.7016000003, 1886031.8814000003, -1515522.5937000003, 2075519.2991000004]
Thurston|01529226|[-2054513.5797000006, 2916670.6514999997, -1983966.4229000006, 2977672.226]
San Bernardino|00277300|[-1982464.8352000006, 1387167.7096999995, -1646659.5385000005, 1635645.8730999995]
Benton|01155126|[-2181198.4212999996, 2673256.2303, -2113865.4765999997, 2729422.9786]
Brewster|01383807|[-756936.4047999997, 681657.2281999998, -609651.1939999997, 871157.7090999997]
Glasscock|01383872|[-545195.2109999992, 966675.4430999998, -494269.1020999992, 1017952.0499999998]
Loving|01383936|[-750001.0635000002, 979624.3125999998, -688316.6525000002, 1023286.6136999999]
Carbon|01720111|[-1082687.6645, 2507739.2388000004, -946953.5987999999, 2583675.5625000005]
Gila|00040471|[-1431931.7393999994, 1207984.4475999996, -1279134.8683999993, 1385981.3472999996]
Del Norte|01682074|[-2297604.9957999997, 2373524.3007999994, -2232264.1545999995, 2452711.4887999995]
Fremont|00198137|[-864123.8024000004, 1728197.3351000007, -769832.3582000004, 1785580.0441000008]
Routt|00198169|[-962689.568, 1928145.9321999997, -887973.9166, 2055490.2148999998]
Adams|00395067|[-1636340.6273999996, 2555303.4768000003, -1568659.1649999996, 2651413.5541000003]
Clearwater|00395697|[-1562661.0928000007, 2744966.0810000002, -1419654.7522000007, 2826119.6944000004]
Blaine|00395696|[-1510596.075099999, 2307100.7070000004, -1366107.900199999, 2482819.8974000006]
Cassia|00395698|[-1494844.0530999992, 2235483.1897, -1379604.9964999992, 2317048.2087]
Wichita|00485062|[-482262.9791000001, 1704448.2496000007, -441621.03850000014, 1755292.4166000006]
Jefferson|01720045|[-1276462.8706, 2634933.7095999997, -1208450.4569, 2723664.6144]
Ravalli|01719582|[-1440517.5527, 2634671.9822000004, -1352356.3069, 2765497.5137000005]
Jefferson|01155132|[-2028185.2663000003, 2637342.4689000007, -1903154.1830000002, 2700250.5016000005]
Marion|01135859|[-2116546.6602, 2685780.7051, -2005035.3332999998, 2775441.5039999997]
Cochran|01383825|[-651526.0357000008, 1167800.5406999998, -607465.3072000009, 1219387.5016999997]
Winkler|01384033|[-691407.7733999994, 975923.5966999996, -638174.0343999993, 1026135.5743999997]
Juab|01455158|[-1527755.0368000008, 1925190.1026000008, -1316875.3140000007, 2021219.6786000007]
Ferry|01531821|[-1704085.3058000002, 2957398.387700001, -1629516.5058000002, 3090565.872800001]
Whitman|01533501|[-1692568.7117999997, 2782774.536800001, -1588215.8771999998, 2888738.299300001]
Sheridan|01605081|[-935479.091, 2438917.3191, -787996.5756, 2504568.0235]
Yavapai|00042809|[-1580616.117900001, 1329505.6441000002, -1405056.9558000008, 1527670.0806000002]
Plumas|00277296|[-2129313.4969999995, 2113482.4702000003, -2020035.0379999995, 2222835.2552000005]
Shasta|01682610|[-2250477.3517000005, 2219037.6688, -2083418.1479000004, 2324929.8468]
Arapahoe|00198118|[-769652.0299999993, 1864969.0755000003, -653794.6815999993, 1893107.6115000003]
Rich|01448030|[-1280882.0151000004, 2116436.8607, -1232641.6496000004, 2214720.0666]
Walla Walla|01531819|[-1765862.5646000002, 2753549.4388999995, -1685472.0036000002, 2826458.3364999993]
Custer|00198129|[-847581.2717000004, 1690846.9756000005, -783174.4848000004, 1736259.3841000004]
Luna|00933057|[-1148348.7403999995, 1030932.9489000002, -1052120.0466999996, 1128877.4753000003]
Siskiyou|00277311|[-2263443.056500001, 2301387.6622, -2068628.6966000008, 2436476.6931000003]
Kearny|00485011|[-482969.36209999956, 1645167.8867000006, -442084.04659999954, 1706329.3549000006]
Lincoln|01720038|[-1492489.7533999998, 2912938.226399999, -1375401.535, 3044425.629299999]
Mora|01702367|[-868364.3532999996, 1447246.4360000007, -743392.1089999996, 1508944.8777000008]
Garfield|01448023|[-1452663.9169999994, 1709974.4515000004, -1204652.2655999993, 1803139.4411000004]
Franklin|01531822|[-1783033.5338000003, 2793259.1766999997, -1688282.4392000004, 2857967.3636]
Pinal|00025447|[-1506879.8969, 1151494.1460999995, -1333414.3683, 1272958.5435999995]
Marin|00277285|[-2319198.2240999993, 1962720.2245000005, -2270961.704699999, 2027484.9986000005]
San Joaquin|00277303|[-2209870.8158, 1901968.3373000007, -2141110.2728, 1986043.2260000007]
Adams|00198116|[-767178.1819000002, 1884355.5535000004, -651350.0004000003, 1922897.9052000004]
Summit|00198174|[-882774.2204, 1860239.1535, -830299.9044, 1927042.0844]
Powder River|01719584|[-806701.8039999995, 2479576.946799999, -697957.3837999995, 2576232.370999999]
Eureka|00858640|[-1749896.1574000008, 1970898.6848000009, -1662611.543200001, 2184373.7880000006]
Greenlee|00042807|[-1247889.5310999993, 1122958.5851999996, -1195961.2699999993, 1276174.7126999996]
Santa Cruz|00040472|[-1449109.5539999995, 1021608.8079000004, -1358379.2158999995, 1075182.7059000004]
Conejos|00198126|[-936558.1841000002, 1594064.1204000004, -852139.8293000002, 1648532.2794000003]
Elbert|00198136|[-740942.2246000003, 1786920.2898999993, -656032.7554000003, 1871908.1925999993]
Lincoln|00198152|[-694757.1469999999, 1745071.6149000004, -608511.0869999998, 1865023.3489000003]
Montezuma|00198157|[-1146479.8794, 1621676.7456999999, -1043497.4283, 1698188.9093]
Pueblo|00198166|[-786885.1873000003, 1662917.5308999997, -694746.0043000004, 1757375.2222999996]
Washington|00198176|[-655415.0911999997, 1859271.3542, -569750.0260999997, 1960512.7793]
Yuma|00198178|[-578654.1013999991, 1855634.3480999991, -508607.99289999914, 1956430.709299999]
Contra Costa|01675903|[-2270536.9847999997, 1938974.2364000008, -2195338.082, 1983137.6294000007]
Glenn|00277275|[-2258016.6423000004, 2117070.2392999995, -2175097.3359000003, 2186178.7874999996]
Imperial|00277277|[-1862277.7280000001, 1242357.2833000002, -1705014.3843, 1346166.8168000001]
Placer|00277295|[-2168377.9153000005, 2027285.7811999992, -2029003.0823000004, 2081767.604299999]
Kings|00277280|[-2151297.8353000004, 1674988.7167000007, -2064987.1518000003, 1751676.0900000008]
Lassen|01693324|[-2104882.683599999, 2110798.5281000007, -1976277.365799999, 2298910.7353000008]
Tuolumne|00277319|[-2125206.4935, 1881019.0642000008, -2001097.7725999998, 1972506.558100001]
San Francisco|00277302|[-2327633.9793999996, 1947721.0442999993, -2267549.8079999997, 1965490.4539999992]
Alamosa|00198117|[-879173.5927000009, 1634523.1151, -823735.0381000008, 1680850.3727]
Chaffee|00198123|[-907573.1929000001, 1756419.770300001, -850663.2819000002, 1831820.3896000008]
Bonneville|00395407|[-1324660.0741000008, 2321272.8681000005, -1206102.1984000008, 2407746.6708000004]
Butte|00401703|[-1422993.2412999999, 2376207.4272000007, -1327884.8387999998, 2487083.9503000006]
Canyon|00399406|[-1674487.3210000005, 2433171.9354, -1631175.7055000004, 2505652.7564999997]
Custer|00399758|[-1523771.8321000002, 2419857.7391999997, -1371437.8655000003, 2571209.1325]
Gem|00395442|[-1646838.6558999997, 2485435.4799000006, -1586741.0907999997, 2560369.9740000004]
Jefferson|00399751|[-1334876.4978999998, 2395682.0823999997, -1249445.9575999998, 2457623.894]
Madison|00394803|[-1275895.7543000001, 2392202.7295999993, -1226613.8698000002, 2433414.366799999]
Payette|00394896|[-1666268.5577000007, 2492806.8768000007, -1618238.3294000006, 2533811.4944000007]
Benewah|00395190|[-1591406.8772, 2835629.9157, -1531791.3189, 2884425.6908]
Logan|00485019|[-472247.56650000066, 1751792.3545999993, -411933.55290000065, 1803533.1477999992]
Billings|01035616|[-585359.9594, 2647827.9738999996, -534162.778, 2727615.0604]
Divide|01034234|[-598911.0228000004, 2866493.4581000004, -511916.65200000035, 2913445.2917000004]
Mountrail|01035307|[-514691.88299999945, 2767040.2431000005, -441365.08489999943, 2856956.6359000006]
Oliver|01034205|[-440297.9759999998, 2675586.5124999993, -372376.0261999998, 2710845.0757999993]
Morrill|00835883|[-610489.0245999992, 2067353.5059999991, -547519.5211999991, 2134694.858499999]
Stark|01035618|[-555129.2445, 2641856.782400001, -465645.7074, 2686526.0703000007]
Ward|01034231|[-464787.8997000009, 2771277.846999999, -373704.0963000009, 2881829.713799999]
Sheridan|00835902|[-553463.4130000006, 2127527.2190000005, -492901.07870000065, 2242373.8835000005]
Esmeralda|00858641|[-1935460.6927000005, 1754554.4443999995, -1825788.4102000005, 1928938.1117999994]
Humboldt|00863310|[-1928313.1510000005, 2145608.444, -1715049.8088000005, 2344570.529]
Nye|00863599|[-1889310.0920000002, 1619277.1133999992, -1626650.9905000003, 1998228.2464999992]
Carson City|00863219|[-2034551.977499999, 2033339.6009999998, -1995571.0862999992, 2054806.8697999998]
Catron|00929108|[-1204689.3861999996, 1195887.028, -1064418.5932999996, 1361112.4508]
Quay|00929110|[-738679.0792999994, 1311021.7083, -630648.0007999993, 1435266.7139]
San Miguel|00929114|[-877321.6446000002, 1372564.5339000002, -686761.0191000003, 1468742.3469000002]
Torrance|00929112|[-951685.4960999992, 1285711.1892, -839185.7687999991, 1381186.8177999998]
Valencia|00933052|[-1017385.4146999996, 1316105.9360999996, -941839.7629999996, 1381844.1729999995]
Daniels|01637566|[-752756.4383000005, 2871778.1862000003, -667441.7730000005, 2927963.8193000006]
Stevens|00485056|[-489506.04539999925, 1562427.1406999994, -444261.3660999992, 1608532.0124999995]
Thomas|00485057|[-461512.55220000073, 1799901.7621, -401673.88940000074, 1851614.8383]
Park|01720027|[-1179730.2128999997, 2524703.4946, -1079966.1591999996, 2667008.5511999996]
Stillwater|01719572|[-1100622.6294, 2541631.4287, -997528.6531, 2644744.9606]
Toole|01719566|[-1203028.1176999994, 2894224.7249, -1126483.7176999995, 2990070.4809999997]
Chase|00835836|[-509262.6320999991, 1938883.8202, -447703.9434999991, 1981259.5659999999]
Cherry|00835837|[-495889.3128999993, 2128022.4067, -340188.2066999993, 2238409.7773]
Coos|01135848|[-2276461.1983000003, 2521091.5402000006, -2205588.7077, 2625118.327100001]
Harney|01135852|[-1928196.8592000008, 2322878.9803, -1759130.0009000008, 2566338.4328]
Hood River|01155131|[-1999600.4904999994, 2740821.9986000005, -1958958.9439999994, 2795738.2549000005]
Morrow|01135860|[-1863167.5645000003, 2666473.440199999, -1790735.9941000002, 2774449.1138999993]
Bailey|01383794|[-647057.7570999991, 1216586.4749999996, -603646.2849999991, 1273765.6711999995]
Umatilla|01156673|[-1810311.6285999995, 2654393.4265, -1689721.6296999995, 2771459.6467]
Briscoe|01383808|[-499424.4037999995, 1261688.9417000003, -448864.53789999953, 1312849.6507000003]
Castro|01383820|[-595489.3232000005, 1267248.5701000001, -544383.0578000004, 1318825.8120000002]
Crosby|01383839|[-513193.12780000083, 1159977.4028000003, -463012.2218000008, 1210991.1208000004]
Columbia|01513273|[-1702063.8778000008, 2746398.634299999, -1653628.5438000008, 2821652.097799999]
Island|01513272|[-1983495.9440000001, 3041727.6468, -1953290.6436, 3100355.762]
Kitsap|01529223|[-2020965.3553, 2992106.775800001, -1972586.2874, 3050423.621400001]
Lewis|01531927|[-2080985.8135000002, 2860095.4120000005, -1922606.2989000003, 2944750.9464000007]
Gaines|01383868|[-659446.4319000002, 1069015.1393, -576468.3292000002, 1123117.0535]
Hale|01383880|[-558896.7660000008, 1210991.1207999997, -507927.2920000008, 1267795.2528999997]
Pend Oreille|01529157|[-1600836.9680000003, 2957628.5559, -1545551.8531000004, 3066506.8424]
Skamania|01529220|[-2024136.6224000007, 2787965.136600001, -1944811.1453000007, 2877357.9069000008]
Howard|01383899|[-534668.1763000004, 1014777.9614000004, -483209.41460000037, 1066229.9982000003]
Lamb|01383926|[-607465.3071999997, 1213286.1001000004, -555829.7956999997, 1270969.4566000004]
Lubbock|01383937|[-561102.7017999999, 1162371.2593999999, -510963.3005999999, 1213286.1001]
Harding|01265792|[-630349.4877000004, 2489381.3093999997, -538488.0410000004, 2577214.1136]
Daggett|01448019|[-1167115.9284000006, 2036193.6640000008, -1085520.6690000005, 2084599.917100001]
Iron|01448025|[-1569165.1033999994, 1737348.1591999996, -1423314.4199999995, 1827848.6526999997]
Millard|01448027|[-1548478.3099000007, 1850230.8076000009, -1361793.6215000006, 1981243.5238000008]
Albany|01605066|[-859557.3844000008, 2036539.9308000002, -757832.5678000008, 2202969.9762000004]
Campbell|01605068|[-804988.6571999993, 2313254.4601000007, -713630.5978999994, 2486618.744300001]
Goshen|01605073|[-715291.4145, 2090383.3169, -655889.2461999999, 2211185.7604]
Johnson|01609191|[-899176.9696999993, 2320439.6149000004, -791840.7012999994, 2450556.9436000003]
Uinta|01605084|[-1250354.7984999996, 2085208.3905999996, -1158426.0679999995, 2162267.5385]
Washakie|01605085|[-998919.9395000003, 2330793.8818999995, -885155.7414000003, 2419071.7851999993]
Gilpin|00198139|[-820862.2902000006, 1898067.3924000002, -794705.9608000006, 1921093.9380000003]
Boundary|00395159|[-1549235.5190999992, 2990792.7917, -1474367.3204999992, 3059861.9749]
Cochise|00025442|[-1365889.0997000001, 1002286.8624, -1216673.8663, 1141999.9421]
Navajo|00042808|[-1347120.7734999992, 1260140.3163, -1229881.1287999991, 1651831.4477000001]
Fresno|00277274|[-2179302.1369000003, 1705069.705, -1956136.2189000002, 1859127.4193000002]
Mesa|00198154|[-1124723.0757, 1788421.7126000002, -970234.8513999999, 1892387.8058000002]
Cheyenne|00484981|[-514679.5286999997, 1851734.0961000007, -457634.2051999997, 1903622.0415000007]
Okanogan|01531928|[-1826719.0221999995, 2979176.4663999993, -1675649.7554999995, 3127616.8834999995]
Otero|00198160|[-703451.5770999994, 1648075.2174999993, -640691.7690999995, 1718251.0528999993]
Modoc|00277289|[-2092638.2926000003, 2270470.8412999995, -1953555.9113000003, 2389226.3745999993]
Santa Cruz|00277308|[-2285619.5963000003, 1841575.0868999995, -2230518.3402000004, 1896847.2779999995]
Tehama|01692767|[-2255832.3911000006, 2165313.9722000007, -2110057.4083000007, 2243890.8991000005]
Ventura|00277320|[-2159940.9909000006, 1394180.4330000002, -2048385.6035000007, 1576479.9095]
Baca|00198120|[-624134.9520999994, 1566902.8616000004, -527683.9399999994, 1645873.1655000004]
Bent|00198121|[-646496.9986000005, 1643812.7575000003, -583843.6412000005, 1717532.8449000004]
Broomfield|01945881|[-775572.8292999994, 1911753.6290000007, -756727.7096999994, 1927737.8639000007]
Cheyenne|00198124|[-618143.3168000001, 1748355.7803000007, -518121.9485000002, 1802265.0270000007]
El Paso|00198135|[-779371.9740999993, 1750834.4066000003, -688798.1175999993, 1826205.9400000004]
Minidoka|00394807|[-1455216.0947999991, 2303167.2646999992, -1400120.176399999, 2378154.273799999]
Oneida|00399759|[-1391181.3508000001, 2222705.042300001, -1311320.2964, 2283837.2460000007]
Adams|01034210|[-542637.4824999999, 2565399.5303000007, -463531.46679999994, 2607884.6642000005]
Bottineau|01034227|[-408783.60170000046, 2844968.8604000006, -308376.6928000005, 2899956.6768000005]
Bowman|01035619|[-623882.8301999997, 2570755.349300001, -539882.7708999998, 2614238.191700001]
Santa Fe|00933322|[-924968.5918000005, 1376330.9129999997, -866548.9628000006, 1486596.5948999997]
Union|00929115|[-713025.9426000006, 1432917.4673999995, -616758.5623000007, 1580062.7927999995]
Kiowa|00198146|[-649493.4433999993, 1709601.3888000008, -521089.2804999993, 1754810.9045000009]
Logan|00198153|[-636242.1802999992, 1955749.1879999992, -554719.5501999992, 2024352.9928999993]
Moffat|00198156|[-1097524.1053999998, 1969690.2798999995, -942131.1604999998, 2073714.5775999995]
Slope|01035896|[-620738.9057999998, 2607573.0317, -531865.8653999998, 2651261.6526]
Montrose|00198158|[-1128492.1201000009, 1745014.0842000004, -988855.7910000009, 1807100.0522000005]
Prowers|00198165|[-589256.8526000008, 1639735.2610999998, -523495.3064000008, 1713467.7641999999]
Rio Blanco|00198167|[-1106153.6120999996, 1916385.0085000005, -929033.5565999995, 1987403.4932000004]
Saguache|00198170|[-955280.4141000006, 1676003.705, -820438.6346000007, 1765529.3432]
Teller|00198175|[-802498.4900000002, 1771913.8038999997, -767990.2204000002, 1828644.1027999998]
Granite|01719605|[-1372253.7343000006, 2674636.4531999994, -1300141.4353000005, 2771020.7837999994]
Colfax|00929117|[-830343.8946000002, 1493199.1412000004, -705177.3532000002, 1589622.0935000004]
Morton|00485135|[-532364.9191999994, 1564553.6552000009, -487050.53729999944, 1611204.7909000008]
Sherman|00485053|[-517561.0912999995, 1803149.6520000007, -458534.0443999995, 1854976.7282000007]
Ada|00395066|[-1643467.0482, 2404759.0121, -1594154.6855000001, 2489545.2992]
Latah|00395613|[-1605628.9922000002, 2790149.5182000007, -1540984.7923000003, 2858658.289200001]
Lincoln|00395624|[-1501454.1925000008, 2331069.0176999997, -1424038.6308000009, 2391474.7501999997]
San Diego|00277301|[-1978658.2956000008, 1258485.4731, -1841459.6114000008, 1383340.7383]
Columbia|01135847|[-2100235.534, 2818023.8543999996, -2053777.1661, 2876145.8787999996]
Yamhill|01135866|[-2154378.853700001, 2755245.2828, -2077751.2423000007, 2802312.6935]
Musselshell|01719593|[-996682.1717000008, 2634203.7874, -903145.3581000008, 2708283.2819]
Treasure|01719563|[-901890.3067000005, 2591314.2709, -844969.2923000006, 2666061.0677]
Wheatland|01719560|[-1100074.788899999, 2654192.4930000007, -1024414.0710999991, 2719597.4933000007]
Adams|01531601|[-1774723.1141, 2836971.7621999998, -1656428.0089999998, 2907046.2676999997]
Spokane|01529225|[-1646319.8242000006, 2872903.8214999996, -1569273.2171000007, 2966116.9552999996]
Elko|00857664|[-1739590.1163999997, 2044411.2895, -1475457.7773999998, 2301274.4515]
Storey|00858642|[-2006599.4919000007, 2054677.6012999993, -1960488.1107000008, 2086774.1930999993]
Bernalillo|01702363|[-1008218.1477000006, 1361367.9856000002, -917572.6917000005, 1410802.0399000002]
Cibola|00933051|[-1183635.6766999997, 1339730.8335999995, -1000019.8290999997, 1434765.1302999996]
Doña Ana|00929109|[-1062737.5548, 1022561.1672, -957776.241, 1161345.0886]
Los Alamos|01702366|[-931118.3550000004, 1460758.1840000004, -909049.9329000005, 1485602.7424000003]
Jefferson|01531936|[-2124623.7070000004, 3022717.4778000005, -1978686.4536000004, 3087209.5654000007]
Sevier|01448034|[-1419834.727499999, 1826243.1777, -1306471.0656999992, 1895435.7863999999]
Duchesne|01448021|[-1256774.841, 1952318.6914000008, -1165169.6578, 2070054.7441000007]
Hot Springs|01605074|[-1063368.1084000003, 2332338.3631999996, -929134.8636000003, 2411818.4331999994]
Kern|02054176|[-2149068.9674999993, 1529322.9806999993, -1921152.0031999992, 1689554.3640999992]
Parmer|01383970|[-642709.4968999997, 1270420.6273999996, -592119.5671999997, 1322226.3581999997]
Randall|01383976|[-559826.7096999995, 1313706.4721, -507464.12759999954, 1365369.3213999998]
Hamilton|00485327|[-527048.0735999998, 1647296.9331, -480084.7918999998, 1708892.1614]
Carbon|01605069|[-991886.6703999992, 2045615.1552000009, -822024.0485999993, 2216530.6309000007]
Custer|01720109|[-791608.1366000008, 2565903.1524, -670267.5846000008, 2693175.2225]
Crook|01605071|[-722827.5069999993, 2381620.281300001, -633753.0119999993, 2479864.642900001]
Laramie|01605075|[-772889.0017000008, 2027603.6667999998, -665785.9223000008, 2109911.2164]
Niobrara|01605078|[-724118.1798, 2207112.730799999, -647622.2458, 2312019.614599999]
Sublette|01605082|[-1187895.5650999993, 2213653.6942999996, -1061432.3204999992, 2358190.6725999997]
Sweetwater|01609192|[-1168036.3950999994, 2061498.413899999, -942069.1186999994, 2226193.973499999]
Dawson|01715632|[-715554.2737000007, 2681348.5588000007, -632492.2695000008, 2789833.556500001]
Fallon|01688745|[-686861.6451999992, 2570198.989499999, -617341.1737999992, 2662709.6272999994]
Golden Valley|01723078|[-1053433.8754999992, 2635129.919399999, -984224.2236999992, 2712385.641099999]
Liberty|01720036|[-1152030.7633999996, 2879523.3071999997, -1087916.3167999997, 2978614.3138999995]
Prairie|01715847|[-770882.4513000008, 2649448.2898999993, -657886.7523000007, 2728457.403499999]
Sweet Grass|01719569|[-1113324.8211000003, 2546463.7354000006, -1036665.2268000003, 2664156.0619000006]
El Dorado|00277273|[-2140512.8463000003, 1991072.2086999994, -2030246.1057000004, 2051282.9350999994]
Archuleta|00198119|[-1009775.5747999996, 1600926.1993000004, -921801.2169999996, 1658853.1539000005]
Kit Carson|00198147|[-613701.7721999995, 1796670.7661000006, -514641.20529999956, 1861253.6907000006]
Morgan|00198159|[-688849.1397999991, 1911992.8463000003, -626642.7540999991, 1975047.8400000003]
Sierra|00277310|[-2110799.3968, 2081918.8538000006, -2017304.0260000003, 2136655.1759000006]
Wibaux|01696629|[-659896.7122000009, 2654143.6871000007, -610256.2668000009, 2738042.341600001]
Sedgwick|00198173|[-556521.1238000002, 1987075.988500001, -504612.46160000016, 2018678.493100001]
Hooker|00835867|[-447767.97020000033, 2092054.1117000002, -397997.3953000003, 2133950.3408000004]
Keith|00835872|[-504616.9668000005, 2011529.9892999995, -437048.38270000054, 2059233.3096999996]
Bennett|01265812|[-494101.01669999957, 2234123.6676000003, -421348.93879999954, 2282081.2344000004]
Perkins|00835889|[-506766.81039999984, 1977288.4010000005, -437831.46489999985, 2015498.9670000006]
Butte|01265793|[-637629.6221999992, 2421868.5942, -545617.1795999992, 2496085.5602]
Culberson|01383840|[-851295.1574000008, 883040.5866, -753749.1127000009, 1031160.9217000001]
Dallam|01383841|[-627989.1621000003, 1462758.8731999993, -546533.1369000003, 1517932.0942999993]
Dawson|01383843|[-579099.0318999998, 1066229.9982000003, -528483.1564999998, 1117550.5743000002]
Hansford|01383883|[-501736.4360000007, 1457073.3950999994, -451096.8898000007, 1509450.1455999995]
Custer|01265788|[-647862.6889999993, 2296707.0786000006, -535091.8835999994, 2345303.8686000006]
Fall River|01265787|[-652232.6026000008, 2243656.4309, -563260.6810000008, 2303531.0372]
Lincoln|00863992|[-1745014.3752999995, 1684174.0770999994, -1546246.3657999996, 1901902.2999999993]
Mineral|00858644|[-1983135.2931999993, 1878817.1031, -1857677.0999999992, 2019131.9716999999]
Hartley|01383888|[-631641.0982000008, 1414965.2911, -549812.6209000008, 1468196.5]
Chaves|01702364|[-872562.1715999991, 1088227.9612999996, -690903.0730999991, 1262929.1598999996]
Curry|00933053|[-706171.5063000005, 1272635.7269000001, -637268.8010000004, 1346911.7774]
Eddy|00936829|[-830858.2653000001, 1021298.8148999996, -720756.7268000001, 1137382.4383999996]
Otero|00929104|[-973941.5945999995, 1030540.4633, -825819.8388999995, 1198912.1186]
Jackson|01265794|[-494032.8172999993, 2277758.0485999994, -404535.7043999993, 2348934.8583999993]
Hockley|01383895|[-608957.5453999992, 1164728.3360000001, -558896.7659999992, 1216586.475]
Hutchinson|01383902|[-504535.8072999995, 1408996.1758000003, -453808.0510999995, 1459791.2279000003]
Las Animas|00198151|[-805916.1328999996, 1574055.6021999996, -617878.7776999996, 1674343.0832999996]
Sherman|01383996|[-549812.6208999995, 1459791.2279000003, -498834.4184999995, 1512501.3946000002]
Terry|01384008|[-612300.6144999992, 1116839.6298000002, -561102.7017999992, 1167800.5407000002]
Lawrence|01266996|[-641581.6213000007, 2373307.637599999, -592759.1148000007, 2427194.0779999993]
Lynn|01383938|[-564195.1709000003, 1114038.4287, -513193.12780000025, 1164728.3360000001]
Pima|00025446|[-1620303.0165999997, 1045289.7887000004, -1345121.0335999997, 1195385.8642000004]
Ziebach|01266993|[-475609.9600000009, 2406369.3238999993, -404276.4844000009, 2513063.9139999994]
Wheeler|01135865|[-1915108.3243000004, 2601557.8291999996, -1844944.2707000005, 2700305.7830999997]
Crowley|00198128|[-698686.2182, 1702041.5589000005, -647521.3176, 1750834.4066000006]
Corson|01265811|[-468813.9582000002, 2506068.6338, -335590.6014000002, 2565411.1628]
Bonner|00395158|[-1570967.3616000004, 2929229.0978999995, -1485850.3907000003, 3043501.9590999996]
Washington|01155137|[-2120542.2908999994, 2775562.166200001, -2062165.6568999994, 2836842.4289000006]
Kootenai|00395661|[-1585626.4509999994, 2877916.204500001, -1520129.3686999995, 2950304.281200001]
Jackson|01135853|[-2209521.8882999998, 2408990.2344000004, -2104235.8910999997, 2517772.4837]
Lincoln|01135856|[-2205179.7552000005, 2686663.691400001, -2150938.8313000007, 2773165.229500001]
Garfield|01533500|[-1669181.1368000004, 2744143.7162999995, -1620993.5892000005, 2823975.9120999994]
Polk|01135862|[-2160664.367900001, 2719137.928200001, -2100399.435200001, 2770017.0004000007]
Mercer|01034233|[-471451.17620000057, 2678979.5808000006, -399851.5970000006, 2746543.2691000006]
Richland|01715338|[-696968.9837999996, 2733254.3508, -604593.7200999996, 2825976.41]
Oglala Lakota|01266992|[-567184.9103999995, 2238409.4656000007, -491787.96009999944, 2319113.564700001]
Wasco|01155136|[-2008840.0938000008, 2671240.8511999995, -1903154.183000001, 2787036.0782999992]
San Juan|01448032|[-1352824.0370000005, 1629466.0669999998, -1124723.0757000004, 1808115.3911999997]
Weld|00198177|[-765150.4227000009, 1916630.4788000006, -631301.528900001, 2033866.3421000007]
Piute|01448029|[-1420351.8352000006, 1794150.0671999995, -1355802.5112000005, 1843729.4865999995]
Wayne|01448041|[-1368875.3276000004, 1768283.6508000009, -1199986.9445000004, 1832573.9906000008]
Dunn|01035623|[-539213.9912, 2682738.252800001, -466810.63600000006, 2776222.646300001]
Socorro|01702371|[-1078451.4839999992, 1209099.0959, -905283.9245999992, 1345347.6891]
Floyd|01383862|[-510963.3005999997, 1208668.1098999996, -460204.4189999997, 1264782.5078999996]
Garza|01383870|[-516073.7134000007, 1112311.4156999998, -465378.2059000007, 1162371.2593999999]
Texas|01101857|[-535006.4265000001, 1506151.5855, -435809.34900000005, 1566837.3598]
Guadalupe|00929111|[-848783.7997999992, 1291709.5866999999, -732479.6964999993, 1391972.2658]
Jeff Davis|01383907|[-857632.7336999997, 845860.1856000004, -710569.3251999997, 924991.0506000004]
Midland|01383950|[-593414.0010000002, 969517.0210999995, -542274.4954000001, 1021003.8124999995]
Potter|01383973|[-556540.5479000006, 1362308.0407999996, -504558.5881000006, 1414129.3346999995]
Upton|01384016|[-598887.4332999997, 906032.0971999997, -545195.2109999997, 972774.5570999997]
Cache|01448017|[-1323578.2150999997, 2148429.3007999994, -1267689.8473999996, 2223373.239799999]
Washington|01448040|[-1581791.4276, 1682907.6460999995, -1472246.679, 1768017.5615999997]
Oldham|01383965|[-635355.4298, 1365369.3213999998, -552897.9102, 1419880.3452999997]
Asotin|01533502|[-1652194.2485000007, 2734196.3290999997, -1605841.7394000008, 2790037.2222999996]
Bingham|00400593|[-1374531.1435000002, 2327999.2424, -1253233.6033000003, 2409862.9458]
Box Butte|00835991|[-610978.7854999993, 2130861.8904, -550191.8441999994, 2183648.346]
Klickitat|01529219|[-1969049.9616999999, 2765357.8643999994, -1830873.1819, 2827673.4833999993]
Sheridan|01677577|[-672281.2484000009, 2846526.302100001, -595594.3833000008, 2920092.691600001]
Cheyenne|00835838|[-615385.5715999994, 2018519.257099999, -547994.8253999995, 2071668.518899999]
Dundy|00835850|[-511746.5035999995, 1899897.5441999994, -448041.7440999995, 1942322.2130999994]
Kimball|00835874|[-671177.6326000001, 2023155.4827999994, -611573.1981000002, 2071304.2746999995]
Scotts Bluff|00835900|[-664543.6889999993, 2100861.3128999993, -605122.8057999993, 2139154.321199999]
Roosevelt|01702369|[-726973.3561000004, 1191117.6589000002, -642789.4833000004, 1312849.2445000003]
Douglas|00858643|[-2037521.771400001, 1968772.5818000007, -1977913.792200001, 2045857.6631000007]
Lea|01702365|[-729232.9947999995, 1016520.6562000001, -649644.6772999995, 1195798.3702]
Burke|01034235|[-515942.5823999997, 2853596.4443999995, -445796.3317999997, 2906921.6670999993]
Hettinger|01034209|[-534413.6660999991, 2594292.9723000005, -462998.4214999991, 2646125.1249000006]
Gooding|00395441|[-1539264.4629999995, 2331662.660700001, -1493932.4856999996, 2399321.379600001]
Cimarron|01101800|[-620900.6773000006, 1511792.7054999992, -531142.3996000006, 1573499.9878999991]
Renville|01034229|[-447756.97100000083, 2838734.6400000006, -377337.4720000008, 2902241.0883000004]
Deaf Smith|01383845|[-639000.7555999998, 1316630.4694999997, -556540.5478999998, 1370847.2501999997]
Val Verde|01384018|[-556379.9091999996, 696439.9663000004, -451270.0423999996, 818100.8276000004]
Sanpete|01448033|[-1366689.1525999997, 1883918.2005000003, -1288101.5259999996, 1974980.7482000003]
Sioux|00835904|[-661656.9973000009, 2135007.408, -607503.7569000009, 2250419.3299999996]
Pierce|01529159|[-2015814.5778, 2903560.521400001, -1913693.9531, 2997461.824500001]
Wahkiakum|01513275|[-2111323.5525, 2873936.646400001, -2070572.1182000001, 2909362.962900001]
Phillips|00198163|[-560088.7541000005, 1952472.0869999994, -506387.0088000005, 1990410.9465999994]
Wallowa|01155135|[-1693282.2375000007, 2632552.9504000004, -1584307.4556000007, 2753202.0786000006]
Haakon|01266988|[-479797.60909999907, 2344466.1089999992, -402139.6360999991, 2428548.5693999995]
Lincoln|00929116|[-956595.1833999995, 1157423.5357999997, -810515.0322999995, 1295356.0573999998]
Jerome|00395662|[-1507602.7655999996, 2307144.030099999, -1450487.6359999995, 2353757.634299999]
Tillamook|01135864|[-2172792.7796, 2766621.8319000006, -2100235.534, 2850808.7943000006]
Perkins|01266990|[-547034.2097999994, 2464880.644200001, -465574.22269999934, 2570442.096100001]
Reeves|01383980|[-769524.8605000004, 883391.0188999996, -663818.4392000004, 1023624.5716999995]
Yoakum|01384036|[-655822.8891000003, 1119954.0400999999, -608957.5454000003, 1170855.1571999998]
San Juan|01531931|[-2000655.3312, 3105442.1910999995, -1965493.6997999998, 3147685.9221999994]
Garfield|00198138|[-1110637.7667999994, 1871350.0733000003, -930723.7893999994, 1954029.9747000004]
Yellowstone|01719558|[-1002761.5324000008, 2559264.7228999995, -884939.3497000008, 2668029.3037999994]
Mineral|00198155|[-973737.3310000002, 1648031.9030000009, -929766.8318000003, 1715010.6299000008]
Lyon|00858645|[-2006599.4919000007, 1946932.7313, -1930759.0327000008, 2094333.4646]
El Paso|01383855|[-1000349.7548999991, 973329.7007999998, -938476.0167999992, 1047566.7532999997]
Emery|01448022|[-1316574.8473000005, 1808115.3912000004, -1190707.5041000005, 1957560.0348000005]
Grant|01531924|[-1820025.0154, 2851567.7643, -1713343.8429999999, 2984354.2075]
Orange|00277294|[-2016208.8427000009, 1372311.2465000004, -1955401.9620000008, 1441069.1583000002]
Yolo|00277321|[-2241015.3567999993, 1994604.0102999993, -2174489.4210999995, 2079561.3771999993]
Bear Lake|00395090|[-1276191.117900001, 2208874.651900001, -1223624.493800001, 2281221.6142000007]
Trinity|00277317|[-2299130.6077999994, 2205454.460999999, -2171159.7336999993, 2346569.6886999994]
Nez Perce|00399394|[-1612393.1454000007, 2716875.936899999, -1556264.9613000008, 2797880.3013999993]
Dawes|00835844|[-610878.0679000001, 2179834.0963000003, -550303.1182000001, 2246806.8090000004]
Lake|00198149|[-905356.9926999994, 1827997.9585999995, -863471.4003999993, 1866136.1581999995]
Moore|01383956|[-552947.0687000006, 1411142.9760999996, -501736.4360000006, 1462758.8731999996]
Dolores|00198132|[-1138878.6577000003, 1683364.4461000003, -1032127.5766000004, 1727336.8107000003]
McLean|01034232|[-481927.55969999917, 2694131.1056999993, -345688.08299999917, 2777542.426799999]
Hidalgo|00929106|[-1233579.2222000007, 991812.7704999996, -1147664.9259000006, 1161752.8365999996]
Swisher|01384004|[-547409.4888000004, 1264265.4878000002, -496622.4160000004, 1315816.9753000003]
Beaverhead|01719627|[-1389624.4389999993, 2492620.625600001, -1218476.0321999993, 2675173.299300001]
Petroleum|01719590|[-968826.5472999997, 2697039.9289999995, -899646.2632999998, 2792536.5496999994]
San Juan|00936844|[-1161824.9474, 1502232.2623999994, -1004452.3489, 1629466.0669999993]
Platte|01605080|[-765818.1761000007, 2104638.0572999995, -704884.2358000007, 2215629.9687999994]
Deuel|00835846|[-552018.0832000002, 2015329.6915000007, -503376.3994000002, 2042920.1722000006]
La Plata|00198148|[-1088415.5335000008, 1611830.6077999994, -1001176.6910000008, 1688234.9520999994]
Grant|00835859|[-500686.7887999993, 2094952.2367000002, -445591.3708999993, 2137275.7491]
Sandoval|00929113|[-1036110.6873000003, 1400677.8326000003, -913690.0408000003, 1526603.7935000004]
Clark|01531820|[-2059494.8721999992, 2787889.4953000005, -2008556.0260999992, 2843139.4389000004]
Lake|01135854|[-2038789.6933999993, 2345309.9988, -1882482.7494999992, 2561303.1394]
Glacier|01719607|[-1332135.7513999995, 2920273.010500001, -1193942.7237999996, 3014974.706400001]
Madera|00277284|[-2139179.4208000004, 1796042.2246000003, -1993755.5262000004, 1886080.1876000003]
Inyo|01804637|[-1980559.3608999997, 1598551.9136999995, -1747237.5531999997, 1840608.0768999995]
Andrews|01383787|[-663016.2039999999, 1020514.6786000002, -579876.2030999999, 1074512.3298000002]
Carson|01383818|[-507464.1275999993, 1359469.7830999997, -456413.3191999993, 1411574.7365999997]
Converse|01605070|[-822223.3590999991, 2181219.7255000006, -715423.6314999991, 2320900.0751000005]
Rawlins|00485040|[-460645.77410000004, 1848638.7281999998, -400833.29970000003, 1900274.5108999999]
Hill|01720048|[-1102103.4052000009, 2865242.3540000003, -996037.1339000008, 2972620.7695000004]
Arthur|00835825|[-496270.2142999992, 2056020.9265, -446163.38899999915, 2097638.8457]
Stanton|00485055|[-529500.2336999997, 1608364.2136000004, -482198.06909999973, 1650280.2772000004]
McPherson|00835881|[-448442.2725000009, 2052742.9968999997, -388898.9286000009, 2094876.4910999998]
Amador|01675841|[-2143052.4799000006, 1968760.1403, -2051788.3015000005, 2004097.1424]
Sacramento|00277298|[-2219896.863399999, 1966995.1489000004, -2137016.788599999, 2040500.9788000004]
Hinsdale|00198142|[-1005867.3504000008, 1655205.8099000007, -952852.0400000009, 1740380.0946000007]
De Baca|00933054|[-813334.5417999998, 1246539.5996000003, -722358.7003999997, 1335283.8846000002]
Josephine|01155133|[-2261044.2267000005, 2430083.955499999, -2187375.8705000007, 2525035.953599999]
Union|01164165|[-1763494.2212000005, 2636757.253799999, -1656605.9887000006, 2737972.622799999]
Martin|01383941|[-583073.6316999998, 1017560.1914999997, -531161.1361999998, 1069062.9532999997]
Davis|01448020|[-1367898.5681999996, 2089303.6103000008, -1309873.8694999996, 2130625.5186000005]
Utah|01448038|[-1362350.9395000003, 1964396.4299999997, -1253927.2753000003, 2058930.8741999997]
Douglas|01531818|[-1825106.5580000002, 2921721.4990999997, -1709705.8787000002, 3011890.2438]
Napa|00277292|[-2268923.1492, 1991589.6329999994, -2226344.3282, 2072772.2616999994]
Sonoma|01657246|[-2337057.3955000006, 1993279.0988999996, -2256458.3795000007, 2090095.5004999996]
Eagle|00198134|[-946595.5943, 1861544.2902000006, -863877.0327, 1932905.0262000007]
Weber|01448042|[-1367898.5681999996, 2124367.292300001, -1274592.0509999995, 2158423.685100001]
Lincoln|01605076|[-1240010.3235, 2149473.6066999994, -1147474.689, 2353886.3404999995]
Crook|01155128|[-1978821.7598, 2538168.2250999995, -1862553.4493000002, 2652622.2988999994]
Mariposa|00277286|[-2108495.049799999, 1837523.7039, -2012945.6116999993, 1908181.5754]
King|01531933|[-1990195.7372999992, 2934357.0271000005, -1872526.1154999991, 3028545.2209000005]
Larimer|00198150|[-849255.1875999998, 1952654.1541000009, -745189.3675999998, 2044272.472300001]
Merced|00277288|[-2200801.9623000007, 1809034.5381000005, -2092740.0476000006, 1893770.9913000006]
Grand|00198140|[-898315.8475000001, 1896226.7238999996, -811750.0458000002, 1987011.1422999997]
Phillips|01720023|[-970982.1217999998, 2773895.4910000004, -826369.3918999998, 2946454.0133]
Baker|01135845|[-1774461.7123000007, 2555628.9224999994, -1621660.2772000008, 2652581.1383999996]
Armstrong|01383791|[-510917.7423999999, 1311016.3568000002, -459085.7105999999, 1362308.0408]
