Mohave|00025445|[-12774446.9877, 4056985.2185999975, -12526676.2576, 4439212.519199997]
Alameda|01675839|[-13619078.776700001, 4502605.660099998, -13521892.501000002, 4566131.132299998]
Alpine|01675840|[-13366503.5076, 4625707.203699999, -13307406.315, 4712126.051499998]
Humboldt|01681908|[-13849213.8617, 4866128.4804000035, -13737499.0688, 5081299.038100003]
Lake|00277281|[-13702786.499699999, 4674156.663699999, -13618847.135899998, 4805298.359099999]
Los Angeles|00277283|[-13240882.8859, 3868981.541199997, -13096335.7949, 4139894.980999997]
Nevada|01682927|[-13500801.3721, 4722411.462700002, -13358687.3631, 4797400.721400002]
San Mateo|00277305|[-13638960.3266, 4454076.831900001, -13593080.4896, 4538319.0737000005]
Santa Clara|00277307|[-13603538.5678, 4424208.122199997, -13492836.323, 4506876.648999997]
Yuba|00277322|[-13540500.0257, 4709989.531999998, -13470714.8337, 4813687.688699998]
Boulder|00198122|[-11765843.7037, 4853292.104800001, -11694422.4383, 4904203.645100001]
Delta|00198130|[-12064691.058600001, 4674234.5211, -11966910.4458, 4752935.3001999995]
Jefferson|00198145|[-11732980.841699999, 4740248.438000001, -11693973.3698, 4853507.049700001]
Ouray|00198161|[-12037242.6658, 4564182.080600001, -11968070.9423, 4626544.289700001]
Boise|00395157|[-12944419.6393, 5401567.769199997, -12798094.2632, 5520000.211799997]
Camas|00399408|[-12811396.1523, 5342113.147200003, -12732121.297, 5443588.856900003]
Clark|00399755|[-12578592.000300001, 5461101.8352999985, -12425157.206100002, 5554283.213399999]
Elmore|00400252|[-12942836.5513, 5276685.749200001, -12798543.3253, 5480727.580100002]
Franklin|00395585|[-12481842.3981, 5160620.588399999, -12412987.4899, 5225700.356599999]
Fremont|00395408|[-12485191.364500001, 5447386.7839, -12361703.963000001, 5582941.1103]
Lewis|00395622|[-12992513.841, 5779000.5097, -12914472.293, 5855868.588500001]
Valley|00399756|[-12936778.898699999, 5488319.399599999, -12767693.1517, 5656176.129999999]
Grant|00485099|[-11301941.9655, 4493289.376100004, -11253222.1963, 4542266.2030000035]
Wallace|00485060|[-11359842.1131, 4678443.684900001, -11296502.0189, 4740999.749500001]
Cascade|01719622|[-12473103.3661, 5912422.8024, -12315974.1871, 6056880.918500001]
Chouteau|01719619|[-12402005.3883, 6010130.1325, -12193148.9322, 6158010.2048]
Deer Lodge|01719617|[-12636701.6044, 5741657.371399999, -12529967.3487, 5823212.907999999]
Flathead|01719611|[-12803978.1526, 6039824.582900003, -12565600.988499999, 6275098.365800003]
Lake|01796943|[-12757755.829300001, 5964640.8576000035, -12645685.5754, 6115494.583400004]
Madison|01720033|[-12546247.7003, 5575673.224299997, -12395430.0149, 5757748.630799997]
Powell|01720021|[-12631032.8083, 5823051.082900003, -12500423.825199999, 6040592.872600002]
Rosebud|01716795|[-12011080.049899999, 5649475.166299999, -11809478.734399999, 5919188.904499998]
Valley|01678923|[-11957371.741799999, 6050549.613499999, -11778097.245199999, 6274849.844199999]
Harding|00933055|[-11626110.617, 4216937.497000001, -11506517.3868, 4330765.269500001]
Sierra|01702370|[-12022573.1543, 3843042.091499999, -11837762.0516, 3959206.8323999993]
Grant|01035300|[-11365341.0133, 5781445.963399999, -11245935.9048, 5896169.670899998]
Sioux|01034208|[-11354462.7457, 5771323.6175, -11188357.8809, 5849414.0375]
Williams|01035306|[-11582595.2356, 6099530.8596, -11446768.6075, 6213014.5692]
Clackamas|01155127|[-13677605.8074, 5603548.574500002, -13542208.4409, 5694498.688900002]
Gilliam|01135850|[-13431094.2929, 5631786.804499999, -13331637.683699999, 5750350.902699999]
Klamath|01155134|[-13613301.1381, 5159980.121299997, -13456225.6363, 5406313.423499997]
Lane|01135855|[-13821292.2928, 5378748.610799998, -13555083.7456, 5510516.639799998]
Linn|01135857|[-13721330.0894, 5496421.9067, -13557911.16, 5589220.0617]
Malheur|01135858|[-13161710.212299999, 5160530.164800003, -13012591.269799998, 5534484.081600003]
Multnomah|01135861|[-13684419.1252, 5689903.3517, -13560985.824, 5736977.9242]
Sherman|01135863|[-13473133.3543, 5634590.624499999, -13398158.2233, 5738341.763099999]
Meade|01266991|[-11529850.178, 5487150.686700001, -11354588.519399999, 5627768.133400002]
Pennington|01266995|[-11583405.1006, 5416843.331100002, -11354675.5604, 5544853.758400002]
Crane|01383837|[-11440047.5783, 3643951.156499997, -11388083.5134, 3717679.695899997]
Pecos|01383971|[-11531039.8117, 3510340.2700000033, -11328804.866, 3681065.443000003]
Ward|01384023|[-11533912.1947, 3667458.1181999967, -11439998.4865, 3717691.1990999966]
Beaver|01448015|[-12696043.237, 4600272.9619999975, -12505125.4843, 4660687.911599997]
Box Elder|01455966|[-12695160.2895, 5012327.270300001, -12453681.6651, 5161162.666900001]
Kane|01448026|[-12568124.7471, 4439152.123400003, -12316266.7993, 4515164.624500003]
Morgan|01448028|[-12454047.0107, 4979951.413599998, -12381120.2622, 5067665.138699998]
Salt Lake|01448031|[-12496751.3963, 4926319.883100003, -12418054.0639, 5000821.682900003]
Summit|01448035|[-12428725.4889, 4945965.603799999, -12245224.3991, 5049528.626199999]
Benton|01513302|[-13344634.714, 5754101.792499997, -13240461.4584, 5897692.074999996]
Chelan|01531932|[-13489776.91, 5984763.203699999, -13342726.1763, 6198970.805799998]
Clallam|01531341|[-13888562.9148, 6084703.4881, -13682735.368999999, 6172925.4896]
Cowlitz|01529156|[-13716548.9588, 5756430.649599999, -13607688.8326, 5842715.425299999]
Kittitas|01531926|[-13521554.7195, 5899009.704700001, -13350058.8747, 6040192.240700001]
Lincoln|01514052|[-13244741.0557, 5984679.430299997, -13115597.741600001, 6099821.0063999975]
Stevens|01531930|[-13180497.2501, 6072315.420599997, -13072194.6913, 6275005.489699997]
Park|01605079|[-12362797.5799, 5434751.3926, -12083794.5716, 5622452.0578]
Teton|01605083|[-12362624.443799999, 5347827.403300002, -12250871.242499998, 5569219.416700002]
Weston|01605086|[-11697609.908300001, 5388151.697099999, -11583293.675400002, 5493592.853299999]
Coconino|00025443|[-12618530.43, 4063554.0270000026, -12328710.2842, 4439553.207100002]
Graham|00025444|[-12296142.528, 3819160.1240999997, -12146514.6235, 3982270.4371999996]
La Paz|00043540|[-12771822.6039, 3898677.856399998, -12616198.379, 4071731.229599998]
Maricopa|00037026|[-12616326.6136, 3829776.273199998, -12360906.886300001, 4035272.613399998]
Yuma|00023901|[-12781316.7047, 3768400.532399997, -12616213.1767, 3957143.473399997]
Mendocino|00277287|[-13806206.7779, 4687148.981799997, -13672415.863, 4866252.102199998]
Mono|00277290|[-13319531.5673, 4503796.3072, -13117080.4423, 4680675.2588]
Riverside|00277297|[-13099665.5805, 3951977.3971000016, -12738841.5332, 4039524.1472000014]
San Benito|00277299|[-13541349.6965, 4327741.947499998, -13424749.2958, 4437566.524699998]
San Luis Obispo|00277304|[-13508216.7498, 4149957.781300001, -13299626.7102, 4272475.959400001]
Santa Barbara|00277306|[-13433176.946600001, 3956954.8871000037, -13250302.580400001, 4179477.0286000036]
Sutter|00277315|[-13575223.4745, 4683726.7277000025, -13515787.8701, 4765551.687700002]
Tulare|00277318|[-13310828.4746, 4271649.592100002, -13133559.6077, 4403591.606500002]
Clear Creek|00198125|[-11791744.189199999, 4802910.584600002, -11732847.1492, 4844458.919100001]
Costilla|00198127|[-11774418.5, 4438434.267499998, -11702987.9987, 4531245.669299998]
Denver|00198131|[-11700784.6778, 4810070.4014, -11644053.4725, 4853489.6392]
Huerfano|00198143|[-11744402.757, 4479483.801100001, -11616313.4034, 4582103.464200001]
Park|00198162|[-11823263.5236, 4677804.954499997, -11725077.4812, 4803391.743599997]
Rio Grande|00198168|[-11879084.788800001, 4494919.015799999, -11804143.2674, 4556178.2404]
San Miguel|00198172|[-12138625.907499999, 4547499.869000003, -11992760.162099998, 4601340.350100003]
Bannock|00395091|[-12551523.7498, 5199491.2863000035, -12453933.1512, 5315379.732800003]
Owyhee|00399760|[-13027387.6259, 5160383.020900004, -12805896.1744, 5416188.235000004]
Power|00394951|[-12606228.939399999, 5210148.207900003, -12510033.514099998, 5328900.031300003]
Teton|00399297|[-12401082.3456, 5388564.578900002, -12361497.0092, 5463003.835500002]
Twin Falls|00399334|[-12806001.474100001, 5160113.6633, -12690500.254, 5299549.3945]
Taos|00933056|[-11806364.1875, 4302413.031000003, -11710824.5535, 4438552.4590000035]
Golden Valley|01035617|[-11582337.9369, 5867433.026500002, -11533725.034599999, 5996147.922500001]
McKenzie|01035299|[-11582274.7184, 5995852.464400001, -11415991.2009, 6131262.347900001]
Morton|01034207|[-11365409.148, 5826014.3059, -11192523.134300001, 5939274.8243]
Carter|01688746|[-11692812.952399999, 5621118.186899997, -11581585.046899999, 5802266.910799997]
Fergus|01719614|[-12268922.779, 5892189.946099997, -12057354.699199999, 6074214.840499996]
Gallatin|01720053|[-12446119.365, 5539102.443999998, -12332401.2576, 5811306.109199998]
Judith Basin|01719602|[-12332898.7698, 5888709.683700003, -12216841.8156, 6010354.359000003]
Lewis and Clark|00793926|[-12597561.9278, 5847099.272100002, -12411528.1836, 6099192.955700002]
McCone|01716270|[-11847787.8146, 5957263.223399997, -11710207.466500001, 6123159.118399996]
Meagher|01719600|[-12429727.8143, 5809944.788699999, -12275535.3597, 5956500.0741]
Pondera|01719587|[-12618064.1029, 6104253.580499999, -12401940.4854, 6187692.556899999]
Roosevelt|01669428|[-11782515.170699999, 6106208.451499999, -11582139.7022, 6201095.792799999]
Teton|01720018|[-12580752.6915, 6024120.843500003, -12401929.685800001, 6129040.354000003]
Garden|00835856|[-11430185.4411, 5045074.303900003, -11352878.1482, 5162357.9497000035]
Churchill|00858638|[-13272194.5273, 4732183.8367, -13075760.231, 4866321.3444]
Lander|00863368|[-13114192.836199999, 4735063.526799999, -12978383.061199998, 5012401.207399999]
Pershing|00858646|[-13284791.110399999, 4865725.093999997, -13057774.461399999, 5006595.663099997]
McKinley|00929107|[-12139034.978799999, 4158307.75, -11945316.203599999, 4301018.5774]
Rio Arriba|01702368|[-11980975.8608, 4291090.918899998, -11747558.0921, 4439126.985999998]
Terrell|01384007|[-11417712.6437, 3475191.6925000027, -11315209.190299999, 3588455.5931000025]
Tooele|01448036|[-12695670.181400001, 4851958.059500001, -12483847.452100001, 5023690.139400002]
Uintah|01448037|[-12250514.172899999, 4788039.010300003, -12139173.968299998, 4991479.146000003]
Wasatch|01448039|[-12425590.6153, 4851297.983999997, -12344403.171, 4966861.866199997]
Pacific|01513274|[-13814567.7468, 5818859.739799999, -13732064.5629, 5908554.119699999]
Skagit|01531402|[-13663409.6483, 6156166.061800003, -13434638.0376, 6217000.963800003]
Snohomish|01529222|[-13626131.6868, 6069552.127599999, -13459219.4892, 6156782.499299999]
Yakima|01531929|[-13527984.501400001, 5786778.201499999, -13343361.5423, 5956606.667599998]
Big Horn|01605067|[-12091763.3946, 5491116.3298999965, -11927328.2042, 5621768.941799996]
Fremont|01605072|[-12251116.145399999, 5200217.663999997, -11967005.1244, 5466860.3720999975]
Apache|00025441|[-12245221.125799999, 3958579.6779000014, -12138859.890099999, 4439016.4317000015]
Butte|01675842|[-13588708.3946, 4764106.379900001, -13478197.5078, 4888042.075600001]
Solano|00277312|[-13626262.563000001, 4583908.6005000025, -13535702.698500002, 4655858.598900002]
Douglas|00198133|[-11725196.2623, 4740236.242299996, -11650768.707, 4803108.135699997]
Gunnison|00198141|[-11981879.0178, 4600198.416599996, -11827180.8492, 4758638.478699996]
Clatsop|01135846|[-13807645.3829, 5744071.431000002, -13732179.3218, 5827273.042200002]
Deschutes|01155130|[-13581277.2157, 5405321.731799997, -13346803.821, 5526516.302099997]
Douglas|01135849|[-13828011.9803, 5266306.732000001, -13578067.4221, 5456955.816500001]
Dewey|01266994|[-11299044.8655, 5578200.213799998, -11160591.105899999, 5696303.280099998]
Borden|01383802|[-11320222.9254, 3832290.1121999994, -11262569.8796, 3890473.8100999994]
Crockett|01383838|[-11398063.0852, 3540538.2062000036, -11238872.5011, 3644073.8641000036]
Hudspeth|01383900|[-11799644.7942, 3584691.4307999983, -11678238.165299999, 3763619.7878999985]
Presidio|01383974|[-11686353.5788, 3408597.5217000023, -11554149.0084, 3584691.430800002]
Reagan|01383977|[-11329674.7192, 3643052.985299997, -11272989.7115, 3717645.310099997]
Natrona|01605077|[-11971691.7873, 5225685.186499998, -11807722.9257, 5388681.429799998]
Calaveras|01675885|[-13469158.567, 4555639.406400003, -13360561.2686, 4651706.453000003]
Pitkin|00198164|[-11963056.7929, 4718481.542199999, -11847343.4966, 4774272.834099999]
Idaho|00395699|[-13001491.3421, 5638480.796599999, -12726082.9519, 5888223.422899999]
Blaine|01722470|[-12195247.3127, 6060383.1897, -12048817.5266, 6275054.6746]
Grant|01135851|[-13321826.2009, 5458855.761399999, -13160598.2568, 5621121.121099999]
Grays Harbor|01531823|[-13843122.916299999, 5908020.151600003, -13709936.150199998, 6029678.453200003]
Greeley|00485002|[-11359634.5379, 4616563.2875000015, -11306398.207700001, 4678743.509800001]
Jackson|00198144|[-11897070.2802, 4913068.529700004, -11783364.6237, 5012735.415300003]
Broadwater|01719625|[-12444178.971900001, 5753708.557400003, -12362809.634800002, 5906540.259400003]
Silver Bow|01719575|[-12588623.5953, 5720435.299900003, -12488933.5173, 5810086.893500003]
Colusa|01675902|[-13668375.1951, 4710777.048600003, -13558199.6013, 4781220.849300003]
Monterey|00277291|[-13578609.779199999, 4271624.321699999, -13382160.338299999, 4427918.223799999]
Stanislaus|00277314|[-13523847.3826, 4457909.925800003, -13401489.2113, 4590369.302500003]
San Juan|00198171|[-12019729.872000001, 4528621.428000003, -11962183.695200002, 4574485.631300003]
Caribou|00395406|[-12484459.085099999, 5223473.311099999, -12361314.318999998, 5315380.496299999]
Shoshone|01702379|[-12949829.8437, 5931121.174599998, -12797153.566, 6118442.165899998]
Garfield|01716058|[-12019013.800900001, 5916840.5304000005, -11809492.3156, 6104005.034000001]
Missoula|01719596|[-12779167.7918, 5882164.200300001, -12612813.5765, 6040605.739500001]
Banner|00835826|[-11583125.3194, 5070488.931900002, -11506779.944, 5116086.477200002]
Washoe|00858608|[-13358979.986, 4745407.876100004, -13266016.513899999, 5160626.9064000035]
Grant|00915980|[-12139111.1014, 3745432.278499998, -11978900.386999998, 3923164.838299998]
Curry|01155129|[-13866652.4387, 5160302.1153, -13772024.8457, 5305224.9978]
Ector|01383853|[-11443542.9028, 3717622.420599997, -11386542.411899999, 3774735.678199997]
Carbon|01448018|[-12384015.8849, 4788854.266099997, -12231107.7341, 4838969.383999997]
Grand|01448024|[-12265099.469999999, 4650292.865800001, -12139476.8514, 4793524.679400001]
Mason|01529221|[-13748629.5957, 5955470.065800004, -13670051.8313, 6041742.457300004]
Whatcom|01529224|[-13702378.6128, 6214072.650799997, -13431218.7519, 6275285.550699997]
Lemhi|00399754|[-12781700.3653, 5501141.810699999, -12558368.4767, 5733240.0616]
Washington|00399757|[-13051435.549899999, 5488850.762800001, -12946408.3751, 5596464.1479]
Big Horn|01716521|[-12100387.6588, 5620544.753600001, -11829220.4378, 5787341.627100001]
Mineral|01720030|[-12886260.395100001, 5892704.684600003, -12737107.9339, 6023544.091300003]
Sanders|01719578|[-12918603.266800001, 5961806.264399998, -12711247.079300001, 6150888.509799998]
Clark|00863600|[-12901588.0154, 4164134.2092000023, -12695189.8369, 4418703.194700003]
White Pine|00858615|[-12902735.529199999, 4675554.920599997, -12695586.960299999, 4884641.262099997]
Thurston|01529226|[-13714792.9113, 5903317.5339, -13603546.3091, 5973183.4418]
San Bernardino|00277300|[-13113720.0034, 4011471.597000003, -12705029.5695, 4274458.907400003]
Benton|01155126|[-13783239.3158, 5508342.151600003, -13700439.984, 5577752.277600003]
Brewster|01383807|[-11555039.852, 3372033.9827999994, -11390289.61, 3589441.1921999995]
Glasscock|01383872|[-11329662.9257, 3717567.2413000017, -11272681.9158, 3774806.764000002]
Loving|01383936|[-11575439.8311, 3717536.366700001, -11502254.485, 3763384.042600001]
Carbon|01720111|[-12222733.7026, 5621437.705799997, -12033421.6202, 5722629.853799997]
Gila|00040471|[-12436687.3167, 3893137.7069000006, -12245209.7365, 4096017.3769000005]
Del Norte|01682074|[-13832115.5422, 5068670.071599998, -13749951.993399998, 5161137.054699997]
Fremont|00198137|[-11801286.594, 4615873.746699996, -11681909.2127, 4678392.021199997]
Routt|00198169|[-11960456.0486, 4854131.718199998, -11869565.6633, 5012850.616399998]
Adams|00395067|[-13013209.9841, 5534388.6734, -12923014.035999998, 5663832.784]
Clearwater|00395697|[-12963810.8913, 5823056.023100004, -12756682.146, 5931390.689600004]
Blaine|00395696|[-12801360.933, 5253713.226300001, -12579915.3521, 5464356.523100001]
Cassia|00395698|[-12722336.740600001, 5159191.507799998, -12579195.2058, 5264586.013999998]
Wichita|00485062|[-11306441.3947, 4616667.272500001, -11257233.2698, 4679015.527300001]
Jefferson|01720045|[-12534346.323800001, 5739957.818899997, -12429939.8548, 5872092.047399997]
Ravalli|01719582|[-12753449.3873, 5694124.5678, -12636487.2029, 5886918.7658]
Jefferson|01155132|[-13564189.355, 5526003.1602, -13399686.9582, 5594114.578]
Marion|01135859|[-13712441.567200001, 5571889.595299996, -13551268.953800002, 5666529.438299997]
Cochran|01383825|[-11472215.4026, 3946959.1846999973, -11420805.900799999, 4005344.9091999973]
Winkler|01384033|[-11502369.9211, 3717626.3411, -11443464.421, 3774756.9603999997]
Juab|01455158|[-12695742.4692, 4766820.0427, -12421559.2803, 4867637.1043]
Ferry|01531821|[-13232512.9786, 6078680.543799996, -13147336.965699999, 6274931.469899996]
Whitman|01533501|[-13163442.6227, 5847445.384499997, -13028767.7206, 5984691.0738999965]
Sheridan|01605081|[-12012656.8575, 5552013.987899996, -11800944.3783, 5621755.566999996]
Yavapai|00042809|[-12616302.364799999, 4013011.0216000006, -12407819.3832, 4236299.0919]
Plumas|00277296|[-13525083.6276, 4807589.969700001, -13369398.722299999, 4931511.236200001]
Shasta|01682610|[-13699961.8969, 4907500.012100004, -13505279.4494, 5039602.339800004]
Arapahoe|00198118|[-11694585.6272, 4802728.077, -11544561.0959, 4828351.340799999]
Rich|01448030|[-12413409.7227, 5033172.091700003, -12361561.9857, 5161215.111000002]
Walla Walla|01531819|[-13251631.5959, 5780326.924999997, -13134732.0838, 5878131.246899997]
Custer|00198129|[-11777257.8292, 4563857.1065, -11693922.9247, 4616957.3149]
Luna|00933057|[-12048104.1631, 3734938.6960999966, -11944228.9955, 3843062.1795999967]
Siskiyou|00277311|[-13772347.539099999, 5011206.446400002, -13519353.5814, 5162406.090400002]
Kearny|00485011|[-11303689.0149, 4542234.671499997, -11253251.253600001, 4616867.467299998]
Lincoln|01720038|[-12918628.7955, 6088619.7773, -12758558.023999998, 6275077.9741]
Mora|01702367|[-11768757.7794, 4266856.5348000005, -11613661.196700001, 4336774.130700001]
Garfield|01448023|[-12544507.9836, 4514055.130900003, -12237040.4864, 4601202.016700003]
Franklin|01531822|[-13297996.5174, 5811309.520300001, -13157772.1152, 5899566.704000001]
Pinal|00025447|[-12490463.982, 3829289.2255999967, -12295065.731500002, 3957336.8506999966]
Marin|00277285|[-13694977.8664, 4553317.608599998, -13627563.2162, 4624902.478199998]
San Joaquin|00277303|[-13534790.431400001, 4506476.283500001, -13460828.2992, 4621929.335200001]
Adams|00198116|[-11694485.332, 4827948.6043, -11544466.9229, 4866157.5742999995]
Summit|00198174|[-11848881.2716, 4772993.864600003, -11774898.4286, 4855037.899000003]
Powder River|01719584|[-11831004.3331, 5620522.494900003, -11686482.884200001, 5746537.988100003]
Eureka|00858640|[-12979963.436999999, 4744793.280299999, -12890226.673899999, 5012401.207399999]
Greenlee|00042807|[-12189011.1868, 3819384.586199999, -12139009.1352, 3999063.577299999]
Santa Cruz|00040472|[-12397292.545, 3675964.841300003, -12295430.962, 3728152.797000003]
Conejos|00198126|[-11875383.3007, 4438248.931199998, -11768477.376899999, 4495514.007999998]
Elbert|00198136|[-11651055.4626, 4702558.6054000035, -11545430.2765, 4803126.485200004]
Lincoln|00198152|[-11583409.4815, 4652637.048799999, -11483093.6846, 4803142.954099999]
Montezuma|00198157|[-12138950.729600001, 4438955.104599997, -12019158.023200002, 4528636.746799997]
Pueblo|00198166|[-11694189.0894, 4542016.749799997, -11583230.586800002, 4653494.280999997]
Washington|00198176|[-11544619.5364, 4803024.544299997, -11441413.8873, 4929863.094799997]
Yuma|00198178|[-11444049.4825, 4803340.3618, -11360133.485199999, 4930091.564]
Contra Costa|01675903|[-13628856.416299999, 4539754.1263, -13529131.947099999, 4593545.560099999]
Glenn|00277275|[-13685443.0415, 4776675.420699999, -13565004.793200001, 4836982.991199999]
Imperial|00277277|[-12924882.2971, 3844794.3315000013, -12741956.2437, 3953019.0249000015]
Placer|00277295|[-13523587.4684, 4680431.287600003, -13358614.2991, 4767103.342600003]
Kings|00277280|[-13393413.5173, 4271607.1699, -13299827.0994, 4368112.2006]
Lassen|01693324|[-13506655.5813, 4823551.199900001, -13357886.8474, 5039596.435200001]
Tuolumne|00277319|[-13431058.347, 4527809.6373, -13268859.700299999, 4640850.847399999]
San Francisco|00277302|[-13693847.9696, 4536110.876000002, -13617443.3391, 4560139.307600002]
Alamosa|00198117|[-11804248.0156, 4488878.222400002, -11738944.985399999, 4544494.667100002]
Chaffee|00198123|[-11866604.9969, 4639253.646200001, -11786289.8534, 4729970.685500002]
Bonneville|00395407|[-12525677.373300001, 5314923.721299998, -12361362.5258, 5407951.122499999]
Butte|00401703|[-12667940.260400001, 5355401.041299999, -12545143.6005, 5501720.063999998]
Canyon|00399406|[-13028042.1887, 5356257.0869999975, -12965771.2748, 5446915.343999998]
Custer|00399758|[-12835697.7837, 5398957.3923999965, -12614800.901700001, 5602512.732199997]
Gem|00395442|[-12992396.679, 5435602.112999998, -12930001.991999999, 5543843.010799998]
Jefferson|00399751|[-12545419.445, 5407287.376900002, -12426166.190200001, 5474493.513000002]
Madison|00394803|[-12465934.3091, 5407128.849100001, -12400849.3539, 5454649.818500001]
Payette|00394896|[-13022582.969700001, 5433403.363899998, -12963380.142, 5489090.240699998]
Benewah|00395190|[-13028842.566399999, 5945673.806599997, -12949682.119299999, 6010023.095799997]
Logan|00485019|[-11297190.859, 4678665.778399996, -11222300.101599999, 4741092.749499996]
Billings|01035616|[-11540157.3046, 5881811.784100004, -11469534.3167, 5996000.9305000035]
Divide|01034234|[-11582671.8294, 6212832.331, -11453173.7173, 6274841.8148]
Mountrail|01035307|[-11453198.424, 6065598.606700003, -11340282.014600001, 6198422.752400003]
Oliver|01034205|[-11328395.413, 5938975.238899998, -11229730.0241, 5990610.458299998]
Morrill|00835883|[-11507229.9002, 5077112.5891999975, -11425441.3357, 5161771.727699998]
Stark|01035618|[-11491701.2522, 5881851.339400001, -11365283.4622, 5943762.077900001]
Ward|01034231|[-11380628.0094, 6081532.8913, -11239985.4668, 6242211.6741]
Sheridan|00835902|[-11442866.1964, 5161705.962099999, -11355279.7655, 5311969.870999999]
Esmeralda|00858641|[-13183323.8341, 4435097.267499998, -13042769.6665, 4646576.117299998]
Humboldt|00863310|[-13283875.1931, 4942696.913800001, -13026339.7371, 5161037.2239000015]
Nye|00863599|[-13157550.4475, 4295698.2075999975, -12801836.8481, 4745109.410099997]
Carson City|00863219|[-13358841.773, 4733826.3455, -13308066.5594, 4757671.4221]
Catron|00929108|[-12139109.9897, 3922010.155199997, -11990364.748000002, 4107075.562499997]
Quay|00929110|[-11591669.2377, 4110287.2234999985, -11470502.9842, 4264914.910699998]
San Miguel|00929114|[-11768942.3466, 4169531.4628000036, -11536825.121, 4282888.517600004]
Torrance|00929112|[-11852296.496199999, 4063729.6912999973, -11720843.6219, 4169615.3561999975]
Valencia|00933052|[-11933970.956500001, 4087632.283399999, -11845616.548600001, 4158184.428399999]
Daniels|01637566|[-11816780.1184, 6200950.964100003, -11685573.6956, 6274812.940500003]
Stevens|00485056|[-11305249.1532, 4438468.428599998, -11250666.8521, 4493440.408299998]
Thomas|00485057|[-11286880.2277, 4740748.031900004, -11212101.012600001, 4803460.091600004]
Park|01720027|[-12361666.2444, 5620300.482299998, -12222712.7481, 5811284.403999998]
Stillwater|01719572|[-12252334.4559, 5647905.2255000025, -12116350.4374, 5801588.294700002]
Toole|01719566|[-12489314.77, 6143423.211900003, -12386505.838, 6274679.469400004]
Chase|00835836|[-11360359.9195, 4916820.610600002, -11281428.5919, 4968225.523800002]
Cherry|00835837|[-11364046.9673, 5173848.808399998, -11150600.4676, 5311874.900499998]
Coos|01135848|[-13856978.754900001, 5261329.191799998, -13770433.6521, 5405457.429099998]
Harney|01135852|[-13352094.0415, 5159751.142099999, -13157448.8644, 5472827.883099999]
Hood River|01155131|[-13572322.8298, 5662188.979800001, -13518708.6797, 5736635.886700001]
Morrow|01135860|[-13359090.746399999, 5620503.0901999995, -13263203.465599999, 5768412.4579]
Bailey|01383794|[-11471179.0987, 4005285.1423000023, -11423067.2528, 4070899.0455000023]
Umatilla|01156673|[-13295447.8367, 5620874.912299998, -13132687.1364, 5780509.457699998]
Briscoe|01383808|[-11295818.1364, 4070805.792300001, -11237140.174199998, 4129739.7373000006]
Castro|01383820|[-11413120.0761, 4070871.825000003, -11354368.6392, 4129714.398200003]
Crosby|01383839|[-11306006.9843, 3947820.4922999963, -11247587.3889, 4006484.5151999965]
Columbia|01513273|[-13162712.0286, 5780171.826499999, -13091525.7485, 5881041.919599999]
Island|01513272|[-13675120.786899999, 6090903.443000004, -13619896.5046, 6175600.7019000035]
Kitsap|01529223|[-13694944.728799999, 6008138.6065, -13633336.7713, 6097007.987199999]
Lewis|01531927|[-13733697.7378, 5842137.994199999, -13508880.0861, 5908578.841999998]
Gaines|01383868|[-11473134.9753, 3832054.1740999967, -11377153.838399999, 3889931.2886999967]
Hale|01383880|[-11364654.006, 4005285.148699999, -11306006.984299999, 4070926.6786999987]
Pend Oreille|01529157|[-13094458.9758, 6114438.780199997, -13027956.1465, 6274924.087399997]
Skamania|01529220|[-13608818.3781, 5708169.760700002, -13526963.3613, 5842823.244500002]
Howard|01383899|[-11320637.8072, 3774749.6098000035, -11262702.6806, 3832454.0864000036]
Lamb|01383926|[-11423116.6753, 4005285.148699999, -11364132.8041, 4070936.920499999]
Lubbock|01383937|[-11364132.8041, 3947130.644299999, -11305261.5855, 4006059.160199999]
Harding|01265792|[-11582286.9346, 5655042.472900003, -11459459.957899999, 5771594.617800003]
Daggett|01448019|[-12245224.9533, 4962671.263499998, -12139210.5902, 5012646.295599998]
Iron|01448025|[-12696264.4173, 4505426.414499998, -12519766.6675, 4600467.868499998]
Millard|01448027|[-12696006.3754, 4660457.768799998, -12469344.6188, 4801339.844399998]
Albany|01605066|[-11835810.600200001, 5011883.324199997, -11718763.479200002, 5226099.654899997]
Campbell|01605068|[-11802676.963100001, 5387592.337300003, -11696873.4371, 5621670.732200002]
Goshen|01605073|[-11650213.5999, 5095916.858400002, -11583076.8944, 5253082.720900002]
Johnson|01609191|[-11952536.067699999, 5387127.537299998, -11800810.905299999, 5553139.513399998]
Uinta|01605084|[-12361665.9494, 5011567.641199999, -12250488.5993, 5098249.486499999]
Washakie|01605085|[-12083816.388500001, 5388430.053800002, -11923513.603500001, 5491549.136100002]
Gilpin|00198139|[-11766557.3721, 4829094.751900002, -11732791.6022, 4856991.635000003]
Boundary|00395159|[-13027987.1664, 6190460.321099997, -12918534.568300001, 6275056.926599996]
Cochise|00025442|[-12296454.2092, 3676007.2080999985, -12139125.7907, 3819579.1061999984]
Navajo|00042808|[-12328735.0042, 3970861.1787, -12225855.6305, 4439701.3851]
Fresno|00277274|[-13460612.9952, 4287821.106299996, -13175841.5501, 4521069.235799996]
Mesa|00198154|[-12140533.0411, 4650300.843800001, -11953207.4642, 4774337.610900001]
Cheyenne|00484981|[-11360349.2278, 4803389.323399998, -11288904.0248, 4866402.752299998]
Okanogan|01531928|[-13456938.129999999, 6097014.202399999, -13228675.239599999, 6274982.021299999]
Otero|00198160|[-11584117.7954, 4529107.594300002, -11510225.7942, 4616992.922400001]
Modoc|00277289|[-13520556.6227, 5039444.0814, -13358148.912, 5160622.5434]
Santa Cruz|00277308|[-13616343.5373, 4418310.157799996, -13534353.5997, 4479055.212899996]
Tehama|01692767|[-13699646.9735, 4836551.067699999, -13507760.5291, 4932004.664499999]
Ventura|00277320|[-13311457.2867, 3923841.344800003, -13206110.3006, 4150473.417400003]
Baca|00198120|[-11475589.942, 4438134.2168999985, -11359211.5119, 4529316.797899999]
Bent|00198121|[-11510929.1076, 4529158.629900001, -11437017.1801, 4617326.686200001]
Broomfield|01945881|[-11706992.0805, 4849868.445100002, -11684223.6788, 4872360.180200002]
Cheyenne|00198124|[-11485160.5425, 4666310.3298999965, -11359606.7104, 4728412.537999997]
El Paso|00198135|[-11696621.5404, 4653085.353100002, -11582968.6593, 4740290.489700002]
Minidoka|00394807|[-12682954.2425, 5239028.7919000015, -12625081.678299999, 5342469.120900001]
Oneida|00399759|[-12579195.5406, 5160466.281999998, -12475649.1351, 5236634.6346999975]
Adams|01034210|[-11465430.7222, 5771463.3571000025, -11354354.102300001, 5825849.502400002]
Bottineau|01034227|[-11298566.0767, 6197950.774099998, -11148146.5436, 6274805.3829999985]
Bowman|01035619|[-11582440.4453, 5771508.483900003, -11465355.9127, 5825449.550100003]
Santa Fe|00933322|[-11827603.3849, 4169331.0480000004, -11768082.6187, 4300946.3618]
Union|00929115|[-11578243.1186, 4264805.697999999, -11466127.2242, 4439139.9805999985]
Kiowa|00198146|[-11522345.9335, 4616932.5229, -11359536.3536, 4666777.2065]
Logan|00198153|[-11530679.2284, 4929402.963200003, -11427044.7675, 5012719.964600003]
Moffat|00198156|[-12139499.5407, 4897963.378700003, -11946158.0626, 5012795.8872000035]
Slope|01035896|[-11582360.4142, 5825298.142200001, -11457509.338000001, 5881905.6456]
Montrose|00198158|[-12140511.7751, 4600957.1450999975, -11966848.6569, 4674306.096499997]
Prowers|00198165|[-11437854.7482, 4529184.923699997, -11359217.0812, 4617465.360099997]
Rio Blanco|00198167|[-12139507.496100001, 4815235.427199997, -11915345.926700002, 4898848.501999997]
Saguache|00198170|[-11911371.794, 4543861.534699999, -11736264.4126, 4644283.534099999]
Teller|00198175|[-11725332.5174, 4671309.327600002, -11681755.598000001, 4740285.035200003]
Granite|01719605|[-12676882.2842, 5770526.710600004, -12583116.5196, 5914728.455700004]
Colfax|00929117|[-11730593.0033, 4330606.5940999985, -11578029.1626, 4438583.413599999]
Morton|00485135|[-11359279.5255, 4438134.2168999985, -11305080.867999999, 4493495.525499999]
Sherman|00485053|[-11360128.7908, 4740762.597099997, -11286580.4494, 4803430.628299997]
Ada|00395066|[-12970245.3123, 5329075.200400002, -12910194.6719, 5435696.666400002]
Latah|00395613|[-13028815.5907, 5867600.853799999, -12949717.6184, 5963448.381799999]
Lincoln|00395624|[-12756629.2852, 5276159.9048999995, -12658533.1927, 5342507.9048999995]
San Diego|00277301|[-13090744.567699999, 3833633.5803000033, -12922089.136199998, 3962531.695200003]
Columbia|01135847|[-13733045.7223, 5735793.772600003, -13665594.3308, 5810685.039900003]
Yamhill|01135866|[-13779663.4166, 5633317.268700004, -13675606.0624, 5690082.118700003]
Musselshell|01719593|[-12134937.0331, 5801602.118900001, -11998151.1709, 5902318.438600001]
Treasure|01719563|[-11993401.6121, 5759548.723200001, -11904403.7663, 5858045.792400001]
Wheatland|01719560|[-12276534.2238, 5815530.386399999, -12177078.8141, 5901836.4898]
Adams|01531601|[-13288140.957600001, 5898994.135399997, -13131121.341100002, 5984898.224399997]
Spokane|01529225|[-13116075.293200001, 5984498.032399997, -13028817.2737, 6114822.589099997]
Elko|00857664|[-13026555.256299999, 4882950.436499998, -12694836.917299999, 5161310.935599998]
Storey|00858642|[-13326510.757399999, 4757671.4221, -13278168.1507, 4812160.0036]
Bernalillo|01702363|[-11933024.1896, 4146099.4504000023, -11816517.738400001, 4193770.1789000025]
Cibola|00933051|[-12138963.7271, 4106624.658200003, -11918610.9816, 4211335.733500003]
Doña Ana|00929109|[-11944522.6945, 3734879.644199997, -11837768.3962, 3902314.425299997]
Los Alamos|01702366|[-11846459.468600001, 4266863.109499998, -11818975.7936, 4296968.582199998]
Jefferson|01531936|[-13871608.4003, 6026975.009800002, -13648922.3966, 6130962.542200002]
Sevier|01448034|[-12525953.033599999, 4650578.752099998, -12389659.662099998, 4728203.028599998]
Duchesne|01448021|[-12345816.717799999, 4837824.855099998, -12242518.332999999, 4988009.592899999]
Hot Springs|01605074|[-12168666.2333, 5382194.2238000035, -11977433.5488, 5477794.570800004]
Kern|02054176|[-13379952.5385, 4135465.4015000015, -13092976.2972, 4272883.108500002]
Parmer|01383970|[-11470804.2899, 4070871.2809000015, -11413052.284699999, 4129632.2911000014]
Randall|01383976|[-11373384.1314, 4129609.6711999997, -11312615.033400001, 4188828.3877]
Hamilton|00485327|[-11359558.836, 4542232.2754999995, -11301930.945799999, 4616676.062899999]
Carbon|01605069|[-12014700.5055, 5012213.264799997, -11807482.121, 5226268.564599997]
Custer|01720109|[-11821211.010499999, 5746276.674900003, -11658788.9466, 5919387.045400003]
Crook|01605071|[-11698138.020399999, 5492740.370200001, -11583293.675399998, 5621591.398700001]
Laramie|01605075|[-11719787.944600001, 5012054.721900001, -11583034.5908, 5109686.970300001]
Niobrara|01605078|[-11677409.1952, 5252614.583700001, -11583081.6977, 5388901.080000001]
Sublette|01605082|[-12314550.4379, 5200506.291599996, -12138663.259599999, 5382987.269899996]
Sweetwater|01609192|[-12251202.0529, 5011948.763700001, -11967271.8347, 5201623.213300001]
Dawson|01715632|[-11733808.1943, 5919385.925300002, -11611263.8751, 6072073.552900002]
Fallon|01688745|[-11678082.4001, 5761449.407499999, -11582129.648, 5890797.624399999]
Golden Valley|01723078|[-12206614.436099999, 5787525.876800001, -12109169.006, 5901583.3655]
Liberty|01720036|[-12402005.3883, 6128880.589500003, -12327795.4789, 6274617.815000002]
Prairie|01715847|[-11809527.2772, 5867375.071099997, -11644396.676, 5971770.169199997]
Sweet Grass|01719569|[-12277748.8246, 5648656.340300001, -12180263.6558, 5815815.800600002]
El Dorado|00277273|[-13485356.898, 4650636.699100003, -13344679.9881, 4731344.159200002]
Archuleta|00198119|[-11964888.1976, 4438051.945699997, -11852886.4076, 4498228.057699997]
Kit Carson|00198147|[-11484061.7137, 4727061.238499999, -11359773.3602, 4804238.190599999]
Morgan|00198159|[-11593981.0695, 4866067.6184, -11517621.1134, 4942443.9953]
Sierra|00277310|[-13476138.986499999, 4777915.852499999, -13358487.182599999, 4833564.076799999]
Wibaux|01696629|[-11644801.0967, 5883738.2733, -11582214.044499999, 6007184.5429]
Sedgwick|00198173|[-11427332.3098, 4975408.924500003, -11360298.921, 5012725.725500003]
Hooker|00835867|[-11290767.4316, 5122098.493600003, -11225732.227400001, 5174800.727900003]
Keith|00835872|[-11360773.035, 5012736.948399998, -11271096.7022, 5070855.634399998]
Bennett|01265812|[-11366925.4769, 5311400.331299998, -11268622.5434, 5371550.771899998]
Perkins|00835889|[-11360351.1334, 4967831.9855, -11270872.7232, 5012925.3169]
Butte|01265793|[-11583651.1371, 5554238.747599997, -11461140.1144, 5655159.715699997]
Culberson|01383840|[-11679474.4859, 3589141.844700001, -11579957.7337, 3763376.423200001]
Dallam|01383841|[-11470575.5481, 4308207.491599999, -11372674.3742, 4369738.848699999]
Dawson|01383843|[-11377801.3872, 3832196.5007999986, -11319939.7255, 3890255.8177999984]
Hansford|01383883|[-11312723.4707, 4308225.2632, -11252708.668599999, 4369575.9989]
Custer|01265788|[-11583405.1002, 5384837.403099999, -11431041.4084, 5443301.245299999]
Fall River|01265787|[-11583326.1897, 5312045.006099999, -11465971.2343, 5385138.534699999]
Lincoln|00863992|[-12901588.0154, 4417093.277800001, -12695819.2535, 4675597.992200001]
Mineral|00858644|[-13264496.0668, 4564421.498099998, -13101305.924, 4732368.0891999975]
Hartley|01383888|[-11470604.7072, 4248800.541000001, -11372712.8825, 4308261.0556000015]
Chaves|01702364|[-11727944.3433, 3831602.1224000007, -11522651.0154, 4040666.018400001]
Curry|00933053|[-11548313.1751, 4069509.6162, -11470641.9909, 4157646.2023]
Eddy|00936829|[-11672019.4223, 3763312.6330000013, -11546341.2448, 3890736.7642000015]
Otero|00929104|[-11841892.3324, 3763374.6379999965, -11671578.3725, 3947294.4742999966]
Jackson|01265794|[-11370086.73, 5371361.284900002, -11250401.6691, 5464690.621700002]
Hockley|01383895|[-11423100.3107, 3946962.7864999995, -11363041.4242, 4005344.9091999996]
Hutchinson|01383902|[-11312673.484, 4249015.558799997, -11252813.5285, 4308248.531799997]
Las Animas|00198151|[-11705806.8573, 4438094.191600002, -11474220.0467, 4553675.847100003]
Sherman|01383996|[-11372735.8182, 4308221.6774, -11312673.484, 4369736.08]
Terry|01384008|[-11420826.7144, 3889807.1127000004, -11362980.5296, 3947130.6443000003]
Lawrence|01266996|[-11583453.9815, 5487238.1603000015, -11516275.5402, 5559515.953300001]
Lynn|01383938|[-11363073.1472, 3889957.032899998, -11305235.648, 3947820.492299998]
Pima|00025446|[-12616272.9497, 3688215.7249, -12294991.031, 3830997.3317]
Ziebach|01266993|[-11354637.8277, 5544968.8068, -11258427.1557, 5696276.275900001]
Wheeler|01135865|[-13413504.609000001, 5513023.009900004, -13319615.5029, 5632350.899100004]
Crowley|00198128|[-11583729.4066, 4595334.925999999, -11521722.7667, 4653621.771599999]
Corson|01265811|[-11354686.6046, 5696171.666699998, -11166256.3873, 5771473.922999998]
Bonner|00395158|[-13029086.8666, 6088605.147200003, -12918488.0783, 6249013.723600003]
Washington|01155137|[-13746416.0714, 5671586.593900003, -13663715.4746, 5745181.511900002]
Kootenai|00395661|[-13029130.5374, 6002008.420199998, -12948994.0729, 6105463.186199998]
Jackson|01135853|[-13718083.6303, 5161370.450900003, -13612355.4951, 5311500.667400003]
Lincoln|01135856|[-13816442.4726, 5508061.820299998, -13758740.2327, 5628632.754799998]
Garfield|01533500|[-13120479.741799999, 5780008.937799998, -13049847.176399998, 5893841.179199997]
Polk|01135862|[-13773124.6141, 5577461.659999996, -13696412.896399999, 5633535.589999996]
Mercer|01034233|[-11377491.4452, 5938958.909999996, -11271882.2782, 6036375.066399996]
Richland|01715338|[-11714709.665, 5999961.008400001, -11581866.0759, 6131962.237400001]
Oglala Lakota|01266992|[-11466027.5704, 5311874.8994999975, -11363630.1921, 5420086.289699998]
Wasco|01155136|[-13559312.5703, 5593475.511100002, -13399686.9582, 5733193.399300002]
San Juan|01448032|[-12402415.627799999, 4438824.352899998, -12138396.2546, 4650301.126099998]
Weld|00198177|[-11694861.7099, 4865979.5462, -11529732.2394, 5012645.6184]
Piute|01448029|[-12525574.8807, 4600010.3913, -12441779.2289, 4652037.2972]
Wayne|01448041|[-12450948.3936, 4600646.9582, -12232357.2751, 4651749.222]
Dunn|01035623|[-11477025.9052, 5938906.031300001, -11370669.670500001, 6077578.170400001]
Socorro|01702371|[-11992065.6045, 3958587.1718999967, -11791402.0465, 4107031.353799997]
Floyd|01383862|[-11306169.5137, 4006059.1602, -11247851.2195, 4070846.3589]
Garza|01383870|[-11305343.2915, 3890132.5634000003, -11247555.7711, 3948147.6993000004]
Texas|01101857|[-11358189.0371, 4369536.674500003, -11237199.1827, 4438853.4212000035]
Guadalupe|00929111|[-11723387.047899999, 4075454.3659000024, -11591122.325599998, 4193393.5702000023]
Jeff Davis|01383907|[-11686316.3695, 3556644.4695999995, -11514886.4588, 3646419.9717999995]
Midland|01383950|[-11386585.6028, 3717622.420900002, -11329631.4195, 3774735.6782000023]
Potter|01383973|[-11373231.8501, 4188745.1702999994, -11312598.8928, 4248486.8132]
Upton|01384016|[-11389994.2049, 3643115.632799998, -11329584.5522, 3717662.829399998]
Cache|01448017|[-12486243.076299999, 5066896.294200003, -12401168.022999998, 5160908.111600003]
Washington|01448040|[-12696318.9641, 4439104.202500001, -12567875.6129, 4525643.085700001]
Oldham|01383965|[-11470670.2691, 4188783.0317, -11372706.5373, 4249489.1333]
Asotin|01533502|[-13077829.8287, 5779615.155100003, -13015029.8745, 5854748.410200003]
Bingham|00400593|[-12579973.7925, 5291150.925999999, -12421901.3101, 5407861.450799999]
Box Butte|00835991|[-11515397.4233, 5161080.0889, -11432271.7938, 5227109.9821999995]
Klickitat|01529219|[-13537869.7816, 5717450.181400001, -13343453.156200001, 5787552.473300001]
Sheridan|01677577|[-11694975.637, 6171866.344300002, -11582450.3668, 6274841.814800002]
Cheyenne|00835838|[-11508487.5162, 5012614.646600001, -11422425.685, 5077359.538000001]
Dundy|00835850|[-11360377.8388, 4866285.335900001, -11279265.0971, 4917016.205500001]
Kimball|00835874|[-11583185.3138, 5012547.231700003, -11507707.9002, 5070726.363200003]
Scotts Bluff|00835900|[-11583131.0005, 5115831.525700003, -11506154.1099, 5161602.437900003]
Roosevelt|01702369|[-11571620.5869, 3971223.815200001, -11470752.747, 4110339.562300001]
Douglas|00858643|[-13358719.0938, 4655249.998300001, -13281572.2926, 4738016.320200001]
Lea|01702365|[-11556596.7818, 3763338.675800003, -11471765.0826, 3971293.291600003]
Burke|01034235|[-11459222.0415, 6198222.973899998, -11356943.009, 6274770.696199997]
Hettinger|01034209|[-11457894.0654, 5813301.0163, -11354354.102300001, 5882060.7978]
Gooding|00395441|[-12811406.275600001, 5258754.214100003, -12756588.873200001, 5342225.688500003]
Cimarron|01101800|[-11466194.1234, 4369686.226199999, -11357728.7456, 4439122.140299999]
Renville|01034229|[-11357004.0078, 6183467.288199998, -11249911.0607, 6274806.731499999]
Deaf Smith|01383845|[-11470724.3693, 4129420.9487999976, -11373231.8501, 4189357.6774999974]
Val Verde|01384018|[-11327975.1685, 3405920.0358000025, -11209778.0242, 3540692.1293000025]
Sanpete|01448033|[-12469565.7031, 4726295.010899998, -12383969.3497, 4838829.962599998]
Sioux|00835904|[-11583142.0266, 5161040.831, -11510545.111, 5312232.880100001]
Pierce|01529159|[-13674694.738400001, 5897791.423699997, -13511248.64, 6008271.827299997]
Wahkiakum|01513275|[-13773329.885400001, 5803557.843199998, -13716016.067200001, 5842363.754399998]
Phillips|00198163|[-11428680.2727, 4929867.045000002, -11360298.9223, 4975476.483300001]
Wallowa|01155135|[-13133226.4688, 5633972.129699998, -12964659.4567, 5780466.170599998]
Haakon|01266988|[-11355450.6731, 5464573.792999998, -11248459.0331, 5581800.269999998]
Lincoln|00929116|[-11841492.7066, 3912842.865199998, -11675727.370499998, 4075490.637699998]
Jerome|00395662|[-12759152.004999999, 5235477.310699999, -12682831.230299998, 5289294.451799999]
Tillamook|01135864|[-13805621.2313, 5628448.890000001, -13725601.8874, 5745721.024800001]
Perkins|01266990|[-11461171.2852, 5627543.813100003, -11354521.3984, 5771613.033900003]
Reeves|01383980|[-11588621.7259, 3602458.479699999, -11467075.9552, 3763327.728899999]
Yoakum|01384036|[-11473108.5933, 3889803.9250999987, -11420738.8864, 3946984.3842999986]
San Juan|01531931|[-13718773.4068, 6176681.8024, -13663520.5247, 6239246.1014]
Garfield|00198138|[-12139543.4222, 4774232.791299999, -11914754.4849, 4879254.181899998]
Yellowstone|01719558|[-12125518.2761, 5694304.4714, -11962688.884300001, 5860201.0673]
Mineral|00198155|[-11927343.3573, 4493931.725699998, -11877069.7968, 4575864.114599998]
Lyon|00858645|[-13326352.126899999, 4638082.773100004, -13219617.865699999, 4828287.9223000035]
El Paso|01383855|[-11871740.0982, 3683143.9076000005, -11794782.910600001, 3763643.8085000003]
Emery|01448022|[-12390641.0505, 4650299.823899999, -12243814.3954, 4823072.643999999]
Grant|01531924|[-13363112.3182, 5881118.231399998, -13244071.264, 6100554.599799998]
Orange|00277294|[-13148548.7675, 3946808.122299999, -13070391.6644, 4021777.932299999]
Yolo|00277321|[-13627961.5316, 4623750.408399999, -13525434.5889, 4711058.0786999995]
Bear Lake|00395090|[-12427095.132100001, 5160908.1098000035, -12361662.1804, 5251751.505500004]
Trinity|00277317|[-13761750.133299999, 4862603.454000004, -13630566.999599999, 5066778.532300004]
Nez Perce|00399394|[-13031371.142099999, 5757177.135600001, -12953159.054899998, 5882021.184200001]
Dawes|00835844|[-11522136.1595, 5226707.685699999, -11440624.4389, 5312106.7025999995]
Lake|00198149|[-11865138.0291, 4729707.629199997, -11814954.193100002, 4776389.856999997]
Moore|01383956|[-11372735.8182, 4248464.761500001, -11312590.658499999, 4308279.096300001]
Dolores|00198132|[-12138663.7994, 4506902.4507, -12007015.5147, 4564675.5064]
McLean|01034232|[-11397531.6363, 5967679.075999998, -11197072.8983, 6081722.500699998]
Hidalgo|00929106|[-12139410.8735, 3675981.0138000026, -12045670.270000001, 3865817.7335000024]
Swisher|01384004|[-11354421.2969, 4070801.6125999987, -11295749.676900001, 4129714.398199999]
Beaverhead|01719627|[-12683538.2824, 5521047.0832, -12408059.9768, 5770981.3318]
Petroleum|01719590|[-12104530.7859, 5901265.102300003, -12003087.1954, 6040305.213200003]
San Juan|00936844|[-12138966.748100001, 4300666.191200003, -11958042.711900001, 4439108.303400003]
Platte|01605080|[-11720441.9662, 5109143.163199998, -11649953.8774, 5252807.730299998]
Deuel|00835846|[-11423722.2179, 5012663.333499998, -11360346.2937, 5045141.343999998]
La Plata|00198148|[-12064926.5893, 4438970.303800002, -11964782.7754, 4528739.090400002]
Grant|00835859|[-11362149.7332, 5122386.118100002, -11290682.825100001, 5175432.5961000025]
Sandoval|00929113|[-11980929.4371, 4190789.563500002, -11827121.1479, 4330908.470100002]
Clark|01531820|[-13669585.6939, 5707501.532200001, -13608221.5952, 5789911.333400001]
Lake|01135854|[-13508757.774500001, 5159940.439800002, -13287025.439100001, 5406447.359800002]
Glacier|01719607|[-12698013.191399999, 6158525.991400003, -12488332.570099998, 6274679.081000003]
Madera|00277284|[-13419069.114599999, 4406130.554499999, -13249510.2513, 4548110.709099999]
Inyo|01804637|[-13223647.1647, 4271320.376900002, -12873880.0559, 4504155.627300003]
Andrews|01383787|[-11473110.4826, 3774578.533399999, -11378059.9792, 3832209.7021999992]
Carson|01383818|[-11312615.0334, 4188602.8464, -11252835.7884, 4249181.2719]
Converse|01605070|[-11808576.424899999, 5204348.824199997, -11676573.839, 5388335.086999997]
Rawlins|00485040|[-11289346.1829, 4803323.773699999, -11214195.8114, 4866335.037199999]
Hill|01720048|[-12329324.9988, 6128987.5320999995, -12185513.5399, 6274965.361799999]
Arthur|00835825|[-11352977.5614, 5070738.1010000035, -11288511.6473, 5122590.369900003]
Stanton|00485055|[-11359266.2828, 4493383.664300002, -11301802.4784, 4542556.820600002]
McPherson|00835881|[-11288606.4887, 5070559.8972999975, -11211177.4229, 5122647.959599998]
Amador|01675841|[-13472744.506099999, 4610261.618199997, -13366396.529499998, 4680078.503199996]
Sacramento|00277298|[-13565677.5878, 4582029.117399998, -13472674.8173, 4683984.032599998]
Hinsdale|00198142|[-11977017.357, 4498187.6862, -11911253.6831, 4600251.4933]
De Baca|00933054|[-11676652.1073, 4028186.873499997, -11571211.1522, 4133933.225999997]
Josephine|01155133|[-13808291.9544, 5160245.6467999965, -13717665.9664, 5279188.303299996]
Union|01164165|[-13213367.275899999, 5614638.596299998, -13054025.747699998, 5758105.158999998]
Martin|01383941|[-11378105.172, 3774708.4821000025, -11319939.7255, 3832467.0249000024]
Davis|01448020|[-12522722.132100001, 4978343.245499998, -12438701.388500001, 5034940.276699998]
Utah|01448038|[-12491626.4638, 4833494.361199997, -12340618.085, 4950282.752399998]
Douglas|01531818|[-13393749.460900001, 5978067.539800003, -13241538.413200002, 6132017.558100003]
Napa|00277292|[-13652938.619199999, 4601331.0141, -13587812.028199999, 4702245.1664]
Sonoma|01657246|[-13751691.7148, 4594942.856200002, -13619892.638700001, 4700625.609300002]
Eagle|00198134|[-11923871.2127, 4771855.2566, -11819450.5028, 4855086.6716]
Weber|01448042|[-12522722.132100001, 5023690.139399998, -12403300.0097, 5076550.917899998]
Lincoln|01605076|[-12361708.9368, 5097903.364600003, -12250311.3854, 5360181.224300003]
Crook|01155128|[-13481753.5799, 5418746.724399999, -13319922.6208, 5553135.088899999]
Mariposa|00277286|[-13402349.9343, 4464661.213799998, -13281227.5196, 4565891.035699998]
King|01531933|[-13639770.694, 5955879.456600003, -13476974.7161, 6070387.687100003]
Larimer|00198150|[-11821615.9088, 4903489.294200003, -11682214.704400001, 5012078.611800003]
Merced|00277288|[-13497339.0854, 4402981.453599997, -13364135.0541, 4527761.844399997]
Grand|00198140|[-11872540.1254, 4820146.282799996, -11758243.7, 4936857.691399996]
Phillips|01720023|[-12121704.841699999, 6015735.800999999, -11931203.450499998, 6274865.854999999]
Baker|01135845|[-13193560.6265, 5505003.152400002, -13000304.620399999, 5634252.504800002]
Armstrong|01383791|[-11313333.5971, 4129610.082699999, -11252874.3011, 4188811.3660999993]
