Cimarron Headwaters|11040001|[-721960.2226999998, 1542603.1139000002, -607166.2575999998, 1607569.2519000003]
Conejos|13010005|[-937761.7697999999, 1573584.0428, -853358.0065999998, 1644277.2519999999]
Animas|14080104|[-1078620.3902000003, 1587995.4081999995, -1000942.0741000003, 1719803.1308999995]
Middle Canadian-Trujillo|11090101|[-670058.5648999996, 1343317.0141000003, -577389.9766999997, 1456603.4584000004]
Carrizo|11090104|[-724470.7868000008, 1461277.3697999995, -587439.5581000008, 1549082.9250999996]
Palo Duro|11120102|[-656314.2161999997, 1333407.8861999996, -533934.6532999997, 1378246.2918999996]
Las Vegas Wash|15010015|[-1740869.6291000005, 1590603.9520999994, -1671332.9564000005, 1700486.7854999993]
Pilot-Thousand Springs, Nevada, Utah|16020307|[-1565769.5426000003, 2146804.558700001, -1479330.8862000003, 2241351.989600001]
Upper Humboldt|16040101|[-1688782.398, 2117854.2748000007, -1545460.392, 2250090.5430000005]
South Fork Humboldt|16040103|[-1670858.0804999992, 2048024.6132999994, -1616073.9079999991, 2155763.6205999996]
Middle Humboldt|16040105|[-1793859.2309000008, 2051337.5211999994, -1677846.7488000009, 2229861.2684999993]
Rock|16040106|[-1728831.2404999994, 2153260.5733000003, -1674526.0386999995, 2230061.6334]
Reese|16040107|[-1839485.341, 1952147.1601, -1739288.3041, 2171010.7888]
Lower Humboldt|16040108|[-1929678.3618, 2090422.1053999998, -1760459.8490000002, 2219331.3510999996]
Little Humboldt|16040109|[-1800913.7844999991, 2206008.5582999997, -1697931.502499999, 2293497.0320999995]
Lower Quinn|16040202|[-1940840.8489999995, 2174115.0286, -1826075.5872999995, 2321130.1398]
Pyramid-Winnemucca Lakes|16050103|[-2002217.4580000006, 2086703.0013999995, -1935550.8393000006, 2175752.3776999996]
Granite Springs Valley|16050104|[-1970448.5932, 2070848.784, -1877258.9489, 2194878.3358]
Middle Carson|16050202|[-2007511.3191999998, 2023370.9744000006, -1941543.2112999998, 2073620.2057000007]
Carson Desert|16050203|[-1955069.6170000006, 2014846.852, -1849125.4540000006, 2135962.562]
Walker|16050303|[-1977869.2860000003, 1981873.3365000002, -1907194.6652000004, 2040665.8928000003]
Walker Lake|16050304|[-1952633.5656000003, 1908095.5669, -1910470.0252000003, 1988735.9542999999]
Sidney Draw|10190017|[-677220.8103999998, 2008743.0680999998, -583301.3897999999, 2047974.3449]
Lower South Platte|10190018|[-552851.8304999992, 2000080.9463, -389490.6417999992, 2047560.1497]
Stinking Water|10250006|[-561976.7070000004, 1939291.5077, -429531.2013000004, 2016666.4268999998]
Middle Niobrara|10150004|[-505323.7419000007, 2150385.061899999, -242182.03770000074, 2249283.305599999]
Niobrara Headwaters|10150002|[-706580.0160000008, 2159490.407299999, -577208.5727000007, 2237899.7106999992]
Middle North Platte-Scotts Bluff|10180009|[-724334.5428999998, 2040057.0244999994, -505235.04379999975, 2215036.782299999]
Canadian Headwaters|11080001|[-814095.9979999997, 1508670.732999999, -718498.4551999997, 1598159.916699999]
Cimarron|11080002|[-830321.5339000002, 1503097.136499999, -755047.6069000001, 1573043.165999999]
Upper Canadian|11080003|[-818936.3498999998, 1403196.8016, -727260.7403999998, 1529179.8546]
Mora|11080004|[-852608.9167999998, 1429357.0865000002, -750670.6600999997, 1518857.9970000002]
Conchas|11080005|[-809031.2433000002, 1357186.6485000001, -735716.2713000003, 1440522.81]
Upper Canadian-Ute Reservoir|11080006|[-762946.8280999996, 1352059.9342, -630941.2499999995, 1463786.2972]
Ute|11080007|[-736268.5176999997, 1393105.2910000002, -664796.5003999998, 1535544.6445000002]
Revuelto|11080008|[-730475.8851999994, 1334522.0483999997, -658338.1330999994, 1393477.8315999997]
Upper Rio Grande|13020101|[-931710.8443, 1452303.1535, -810753.6826, 1614009.75]
Rio Grande-Santa Fe|13020201|[-952280.6647999994, 1389636.8814000003, -864802.3534999995, 1477029.6744000004]
Jemez|13020202|[-991741.0023999996, 1420176.977, -927265.9711999997, 1507724.2462]
Rio Grande-Albuquerque|13020203|[-1025391.4861999992, 1234397.0322000002, -927285.2819999992, 1429416.6807000004]
Arroyo Chico|13020205|[-1073089.0269000009, 1418398.916099999, -982884.1138000009, 1506553.2326999991]
North Plains|13020206|[-1126620.2920999993, 1320919.6113, -1061274.1165999994, 1413173.4197]
Rio San Jose|13020207|[-1114581.2239999995, 1343241.2719999999, -997365.3659999995, 1462746.3668999998]
Plains of San Agustin|13020208|[-1150320.5548, 1239869.3340999996, -1042155.3775000001, 1321052.2020999996]
Rio Salado|13020209|[-1096137.4891999997, 1277285.9280000003, -989608.2408999997, 1358080.8761000002]
Jornada Del Muerto|13020210|[-999443.0956999995, 1184621.7510000002, -924865.5124999995, 1307032.1841000002]
Elephant Butte Reservoir|13020211|[-1087874.0100999996, 1172180.9392999997, -991076.2318999995, 1284392.9687999997]
Western Estancia|13050001|[-948738.1676000003, 1284418.9496999998, -868151.0072000003, 1406385.5223999997]
Eastern Estancia|13050002|[-889793.4745000005, 1283142.3902000003, -847823.8580000005, 1354608.1636000003]
Pintada Arroyo|13060002|[-878315.5789999999, 1323253.7657000003, -782565.8859999999, 1387988.1225000003]
Taiban|13060004|[-745462.1421000008, 1271447.1419000002, -689986.2072000008, 1347753.3166000003]
Arroyo Del Macho|13060005|[-891812.2991000004, 1196799.7089999998, -768769.8538000004, 1271579.2746]
Gallo Arroyo|13060006|[-891951.4923, 1235371.5850999998, -804019.8346000001, 1294797.2049999998]
Upper Pecos-Long Arroyo|13060007|[-857788.307, 1108345.9055000003, -702389.5904, 1241706.6159000003]
Rio Hondo|13060008|[-908049.4395000003, 1163162.9529999997, -775362.5826000003, 1220692.0950999998]
Rio Felix|13060009|[-891071.4936999995, 1133150.2116, -769348.0635999995, 1178186.908]
Rio Penasco|13060010|[-911313.4028999992, 1105469.7347, -774679.6244999992, 1167832.8679]
Carrizo Wash|15020003|[-1220303.4899000004, 1291646.5641, -1096069.4983000003, 1376655.3163]
Zuni|15020004|[-1239598.4041000009, 1359059.1679999996, -1090046.5565000009, 1445573.1705999996]
Dixie Valley|16060001|[-1899991.7204999998, 2000399.8936, -1758182.9292999997, 2172628.1077]
Gabbs Valley|16060002|[-1937834.4730999991, 1934343.7116, -1804848.036299999, 2050746.2553]
Southern Big Smoky Valley|16060003|[-1888891.2893000003, 1858297.4789000005, -1801025.7513000004, 1989497.6562000006]
Northern Big Smoky Valley|16060004|[-1820943.643100001, 1929053.7070000004, -1717742.686900001, 2092566.8067000003]
Diamond-Monitor Valleys|16060005|[-1793783.4434999991, 1914083.2466000002, -1662900.646099999, 2089823.2934000003]
Little Smoky-Newark Valleys|16060006|[-1726358.8616000004, 1930194.1335000005, -1641621.8496000003, 2053011.1746000005]
Long-Ruby Valleys|16060007|[-1657478.3291999996, 1950793.3248999994, -1536157.2357999997, 2179946.6455999995]
Spring-Steptoe Valleys|16060008|[-1620447.5263, 1860254.3720999993, -1517788.442, 2168503.6160999993]
Ralston-Stone Cabin Valleys|16060011|[-1896740.9174000006, 1807721.6596000008, -1756865.5450000006, 1935477.3112000008]
Hot Creek-Railroad Valleys|16060012|[-1767101.2793000005, 1811254.0348000005, -1647268.3830000006, 1978610.7412000005]
Cactus-Sarcobatus Flats|16060013|[-1875496.9219000004, 1744518.6085, -1742350.2200000004, 1843316.7634]
Sand Spring-Tikaboo Valleys|16060014|[-1773534.8485000003, 1656123.6175999995, -1648556.5018000002, 1872209.3697999995]
Smoke Creek Desert|16040203|[-2008496.4816999994, 2150175.8773, -1902094.3818999995, 2308288.5316999997]
Massacre Lake|16040204|[-1991512.4608999994, 2227885.3605000004, -1921255.0643999993, 2349735.1583000002]
Fish Lake-Soda Spring Valleys|16060010|[-1957396.6928000003, 1805824.9099000003, -1860038.3085000003, 1961414.3322000003]
Thousand-Virgin|16040205|[-1908828.4177, 2284147.959899999, -1847425.0026, 2368536.251899999]
Hamlin-Snake Valleys|16020301|[-1575153.9428000003, 1803528.4165000003, -1494308.0535000004, 2011340.0566000002]
Angostura Reservoir|10120106|[-685095.9618999995, 2240763.5003999993, -580407.8389999996, 2337651.690999999]
Middle Cheyenne-Spring|10120109|[-623492.6533000004, 2271910.6314000003, -524407.3055000004, 2362342.9389000004]
Rapid|10120110|[-637202.4897000007, 2337958.7501, -530018.8738000008, 2387846.926]
Middle Cheyenne-Elk|10120111|[-619420.9625000004, 2322585.2650000006, -493853.21590000036, 2399438.348500001]
Lower Cheyenne|10120112|[-511544.20419999957, 2362720.4601000007, -415879.32879999955, 2455848.9431000007]
Cherry|10120113|[-579851.6735999994, 2412733.6472999994, -434400.94129999937, 2467760.159499999]
Lower Belle Fourche|10120202|[-681236.6817000005, 2381891.2338999994, -500081.3113000005, 2492774.5046999995]
Detrital Wash|15010014|[-1654827.2451000009, 1514624.0066, -1624432.100900001, 1604286.7295]
Little Colorado Headwaters|15020001|[-1241653.5976, 1285385.8826000001, -1183210.195, 1343354.3646000002]
Silver|15020005|[-1316495.7337999996, 1318241.5713, -1250434.4685999996, 1391501.7094]
Leroux Wash|15020009|[-1284785.0168999992, 1411493.6951000001, -1180789.8850999991, 1486992.5865000002]
Chevelon Canyon|15020010|[-1363381.2905000001, 1349407.5659999996, -1304993.4526000002, 1420886.4039999996]
Corn-Oraibi|15020012|[-1340604.2435999997, 1474652.9452999998, -1225591.5852999997, 1584479.0887999998]
Jadito Wash|15020014|[-1331695.354699999, 1448513.5986000001, -1240117.202699999, 1521229.8218]
Canyon Diablo|15020015|[-1417384.6665000003, 1407416.9356000004, -1344841.9545000002, 1485840.9138000004]
Burro|15030202|[-1591606.085000001, 1405163.2100999998, -1527554.132400001, 1463070.1916999999]
Santa Maria|15030203|[-1591272.1651000008, 1373270.1217999998, -1499614.6081000008, 1444094.2322999998]
Bill Williams|15030204|[-1646551.9636000004, 1359739.5811, -1551436.2574000005, 1449354.4107000001]
San Carlos|15040007|[-1364654.6117000002, 1220189.5261000004, -1272764.4411000002, 1282764.1894000003]
Black|15060101|[-1314866.642000001, 1236336.0210999995, -1206565.8745000008, 1300292.4301999996]
White|15060102|[-1303883.739600001, 1276736.2688999996, -1234532.5235000008, 1321688.7133999995]
Upper Salt|15060103|[-1395137.5069999993, 1239783.5244000005, -1299353.5789999992, 1357951.1296000006]
Carrizo|15060104|[-1335793.3026, 1289158.0647999998, -1261283.8261, 1351225.1772999999]
Tonto|15060105|[-1414858.8047000002, 1289418.5026000002, -1349431.5224000001, 1369542.7794000003]
Centennial Wash|15070104|[-1618878.4978999998, 1260670.7991000004, -1540457.7895, 1377491.3662000005]
Upper Prairie Dog Town Fork Red|11120103|[-552362.8420000002, 1279558.7428000001, -430953.60840000014, 1366922.003]
Tule|11120104|[-598162.0615999997, 1262155.3475000001, -475268.5666999997, 1323865.9207000001]
Upper Salt Fork Red|11120201|[-486477.2586000003, 1316656.4034000002, -411535.9850000003, 1366488.3352]
Upper North Fork Red|11120301|[-523494.8515000008, 1356611.8142999997, -408356.1680000008, 1404350.4566999997]
North Pease|11130103|[-511022.21949999966, 1234482.5987, -376156.37389999966, 1287834.0925]
Middle Pease|11130104|[-495935.3668000009, 1189063.3918000003, -375762.7089000009, 1251730.9969000004]
Lower Lake Oahe|10130105|[-430008.44209999964, 2388452.0087, -278835.12089999963, 2510636.143]
South Fork Grand|10130302|[-612548.3702000007, 2511422.585999999, -478798.2204000007, 2569436.998099999]
Grand|10130303|[-536275.9513000008, 2500673.3137999997, -368029.25210000074, 2592645.8447]
South Fork Moreau|10130304|[-627331.4480000008, 2461991.7147000004, -529071.7568000008, 2512506.7086000005]
Upper Moreau|10130305|[-603722.8816999998, 2460372.741699999, -482089.6398999998, 2530593.6601999993]
Lower Moreau|10130306|[-538166.2557999995, 2449328.648600001, -352379.2147999995, 2530430.117800001]
Middle Little Missouri|10110203|[-631696.5024999995, 2601701.9022000004, -547218.2986999995, 2727636.2593000005]
Hat|10120108|[-672486.3949999996, 2213136.251700001, -602948.2985999995, 2276631.9045000006]
Snake|10150005|[-519374.7796, 2167301.5885000005, -387558.16969999997, 2209493.2536000004]
Pumpkin|10180013|[-672470.7358999997, 2063744.4855000004, -580260.1488999997, 2112813.9443000006]
Lower North Platte|10180014|[-540934.3142000008, 2021170.6965999994, -389357.85400000087, 2097500.3379999995]
Upper Middle Loup|10210001|[-519626.95050000027, 2098504.0998, -335194.9741000002, 2168247.3174]
Dismal|10210002|[-513769.10720000044, 2068977.104699999, -335647.0097000004, 2120378.270299999]
Upper North Loup|10210006|[-488085.69999999925, 2084111.3559000008, -278814.81789999927, 2179771.564500001]
Middle Beaver|11100102|[-499214.1392000001, 1504518.9562, -398847.31150000007, 1567885.4597999998]
Upper Cimarron|11040002|[-621623.3001000006, 1540185.9997000005, -447499.4462000006, 1617816.5997000006]
Upper Beaver|11100101|[-698611.1525999997, 1498509.2305999994, -483419.2239999997, 1562316.7257999994]
San Pablo Bay|18050002|[-2290670.0683999993, 1953358.1447, -2239362.575899999, 2056773.8789000001]
Tomales-Drake Bays|18050005|[-2338773.141899999, 1955705.6218999997, -2278977.150399999, 2032665.6330999997]
San Francisco Coastal South|18050006|[-2297809.6151, 1853207.0836999994, -2266504.2595, 1962922.3276999993]
Pajaro|18060002|[-2252846.5863000005, 1752346.1855999995, -2162285.1394000007, 1874764.0188999996]
North Fork Double Mountain Fork Brazos|12050003|[-575433.5040000007, 1125692.6627000002, -460977.2789000007, 1235292.9939000001]
Double Mountain Fork Brazos|12050004|[-613619.2795000002, 1081683.4458999997, -361456.25720000017, 1200077.5027999997]
White|12050006|[-586905.4175000004, 1142080.7094, -456442.59380000044, 1272218.6353]
Salt Fork Brazos|12050007|[-517616.86370000057, 1115338.2857999997, -370324.52710000053, 1225429.4873999998]
Lake Meredith|11090105|[-591958.7224000003, 1362291.9286000002, -496970.52810000035, 1441722.7828000002]
Middle Canadian-Spring|11090106|[-506157.4280999992, 1381281.7816000003, -356949.3656999992, 1462309.6952000004]
Coldwater|11100103|[-621951.2578999996, 1459470.010399999, -454490.8014999996, 1526963.046999999]
Palo Duro|11100104|[-580157.9207000006, 1435369.8581000008, -434693.4097000006, 1524373.7893000008]
Chinle|14080204|[-1285381.9857, 1497223.1043999996, -1143470.9345, 1661235.1515999995]
Piute Wash|15030102|[-1732334.9826999996, 1469534.4223999996, -1677602.8570999997, 1563191.3655999997]
Lake Tahoe|16050101|[-2056012.5507999994, 2001534.0467000008, -2020782.3565999994, 2067605.6098000007]
Upper Eel|18010103|[-2310665.687000001, 2121581.0999, -2241495.435000001, 2187465.9502999997]
Middle Fork Eel|18010104|[-2292008.283, 2156664.5176999997, -2245979.3808, 2227410.0321]
Lower Eel|18010105|[-2345000.1812999994, 2181036.9420999996, -2265040.119199999, 2314850.9383999994]
South Fork Eel|18010106|[-2333584.6114000008, 2178906.1477000006, -2299638.3108000006, 2275857.849600001]
Mattole|18010107|[-2363982.8498, 2226677.0442999993, -2323001.2004, 2315225.1724999994]
Big-Navarro-Garcia|18010108|[-2353855.2591999993, 2086253.4759, -2304900.993099999, 2228956.0979]
Gualala-Salmon|18010109|[-2342536.9519999996, 2023895.5940000005, -2296615.7823999994, 2100008.3976000007]
Russian|18010110|[-2314412.0242999997, 2019280.5473999996, -2262719.3965999996, 2149369.2053999994]
South Fork Trinity|18010212|[-2288988.3051999994, 2224682.7172, -2235081.2932999996, 2322761.2038]
Sacramento-Stone Corral|18020104|[-2233965.2207999993, 2042135.6744, -2174656.9989999994, 2168666.8702]
Lower American|18020111|[-2174815.4234999996, 2015125.3168000001, -2132933.7520999997, 2046315.6625]
Upper Stony|18020115|[-2257356.3279, 2110502.8115, -2180122.809, 2193480.0866]
Upper Cache|18020116|[-2290969.5918000005, 2035797.7150999997, -2185769.0587000004, 2136780.0383999995]
Upper Yuba|18020125|[-2166054.8904, 2071846.4163000006, -2054958.0158, 2136665.1488000005]
Upper Bear|18020126|[-2170229.4844000004, 2053659.5855, -2082635.3667000004, 2084752.6898]
North Fork American|18020128|[-2142951.7457999997, 2022919.7255000006, -2050117.8744999997, 2081421.4326000006]
South Fork American|18020129|[-2141423.5677000005, 1994345.1776, -2044803.2967000005, 2045490.4684000001]
Cow Creek|18020151|[-2177845.0600000005, 2241402.0687000006, -2123722.1078000003, 2273121.6391000007]
Cottonwood Creek|18020152|[-2250573.7601999994, 2209174.691299999, -2177578.5687999995, 2265335.030099999]
Battle Creek|18020153|[-2176901.1832, 2209829.1213000007, -2117684.3126999997, 2247405.495700001]
Clear Creek-Sacramento River|18020154|[-2212986.062999999, 2227926.898600001, -2130880.109899999, 2306975.8318000007]
Paynes Creek-Sacramento River|18020155|[-2231018.6284, 2202006.7709, -2135147.5272, 2230365.9789]
Thomes Creek-Sacramento River|18020156|[-2254682.9047999997, 2180261.2759000007, -2117277.0240999996, 2227453.0950000007]
Honcut Headwaters-Lower Feather|18020159|[-2191305.532400001, 2046325.2305999994, -2129684.2819000008, 2134585.1173999994]
Upper Coon-Upper Auburn|18020161|[-2182368.9981999993, 2023331.2323000003, -2120793.2439999995, 2064381.5573000002]
Upper Putah|18020162|[-2271470.1021999996, 2016207.8726000004, -2183166.9028999996, 2082183.4706000003]
Lower Sacramento|18020163|[-2230512.59, 1967598.1138000004, -2145318.0645999997, 2050318.5722000003]
Upper Kern|18030001|[-2008711.1184999999, 1635124.6314000003, -1954689.2793999999, 1750104.2803000002]
South Fork Kern|18030002|[-1996970.771400001, 1606985.2523999996, -1947842.274400001, 1717603.5136999995]
Colorado Headwaters|12080002|[-586318.1710999999, 1023427.5291999998, -420205.4516999999, 1145532.9152999998]
Johnson Draw|12080005|[-651038.0190999992, 970541.8934000004, -525569.2425999992, 1059975.3078000003]
Beals|12080007|[-524799.9379999992, 1000886.8152999999, -455338.1394999991, 1050895.2151]
North Concho|12090104|[-528737.1984000001, 937473.3309000004, -417825.4136000001, 1022451.0960000004]
North Fork Grand|10130301|[-600512.4969999995, 2545243.7180000003, -484685.9871999995, 2608638.6126000006]
Little White|10140203|[-510167.6944999993, 2227772.3738, -367550.7579999993, 2313146.7951]
Beaver|10120107|[-699898.9291999992, 2296904.136600001, -619202.3629999992, 2384671.871800001]
Redwater|10120203|[-670659.0208999999, 2373445.5351, -605925.0369999999, 2441604.1387]
Middle Kern-Upper Tehachapi-Grapevine|18030003|[-2118594.5702, 1551910.4664999992, -1987879.9222, 1639681.4486999991]
Upper Poso|18030004|[-2098229.5712, 1624640.9344999995, -2002340.4671, 1669183.5999999996]
Upper Deer-Upper White|18030005|[-2096819.3761, 1639362.4083999991, -1999489.8327, 1695755.437899999]
Upper Tule|18030006|[-2104905.0076, 1675639.4721000008, -1989460.4987, 1729169.5153000008]
Upper Kaweah|18030007|[-2090722.5099, 1702454.1538999993, -1978484.3920999998, 1773911.6866999993]
Upper Dry|18030009|[-2165707.2591999993, 1730829.5024999995, -2037907.9415999993, 1810932.8952999995]
Upper King|18030010|[-2045896.7914000005, 1740789.9397, -1956136.7356000005, 1816363.7596]
Tulare Lake Bed|18030012|[-2175158.7414999995, 1613136.1743, -2011025.1535999996, 1793789.0486]
Middle San Joaquin-Lower Chowchilla|18040001|[-2203887.7235000003, 1793721.0373999998, -2046241.0645000003, 1882732.6633999997]
Lower San Joaquin River|18040002|[-2210029.5163000003, 1864326.3745000008, -2120820.2969000004, 1916411.5768000009]
San Joaquin Delta|18040003|[-2232440.1454000007, 1904330.4053000007, -2130203.6976000005, 1973471.5090000008]
Upper San Joaquin|18040006|[-2068421.7129999995, 1798082.9649999999, -1972299.3511999995, 1879617.3827]
Fresno River|18040007|[-2139109.964299999, 1814248.4893999994, -2043397.0017999993, 1862138.7364999994]
Upper Merced|18040008|[-2166428.1841, 1855502.4145999998, -2010302.1556000002, 1908181.8030999997]
Upper Tuolumne|18040009|[-2175817.2568999995, 1881029.1434000004, -2001039.1695999994, 1946286.6203000003]
Upper Stanislaus|18040010|[-2179759.2589, 1908489.8276000004, -2024469.0150999997, 1980063.9589000004]
Upper Calaveras California|18040011|[-2181430.9650999997, 1939475.2071000002, -2077160.5369999998, 1976475.4321000003]
Upper Mokelumne|18040012|[-2195697.1120999996, 1964446.7632, -2031376.3289999994, 2006648.459]
Upper Cosumnes|18040013|[-2178863.4828999992, 1979252.7851999998, -2067106.7351999993, 2024258.3398999998]
Panoche-San Luis Reservoir|18040014|[-2193768.3891000003, 1762194.7259999998, -2144354.1787, 1804471.1857999999]
Rock Creek-French Camp Slough|18040051|[-2178656.6499000005, 1920122.4055000003, -2119306.5880000005, 1949688.7636000004]
Rita Blanca|11090103|[-676460.2951999996, 1420717.8723000009, -567675.2814999996, 1528570.084300001]
Tierra Blanca|11120101|[-702356.0921999998, 1298966.2882000003, -527673.6541999999, 1351073.7050000003]
Yellow House Draw|12050001|[-718502.0841000006, 1185549.3691999996, -537330.0624000005, 1306213.8592999997]
Blackwater Draw|12050002|[-692253.8663999997, 1185963.8863000004, -534306.7261999997, 1306218.7607000005]
Running Water Draw|12050005|[-696389.0533000007, 1226644.6431, -499246.40690000076, 1319201.5667]
Lost Draw|12080001|[-707504.4780000001, 1118185.1893999996, -556497.1673000001, 1222441.3759999995]
Monument-Seminole Draws|12080003|[-729236.0381000005, 1058918.6519999998, -585504.8537000004, 1169963.3329999999]
Mustang Draw|12080004|[-723833.8662, 988529.4386999998, -506356.01970000006, 1193719.0170999998]
Sulphur Springs Draw|12080006|[-699748.2947000004, 1017074.7701000003, -515747.02160000044, 1193722.7006000003]
Panamint Valley|18090204|[-1918860.3332000002, 1576591.2622999996, -1858051.5142000003, 1722178.2779999995]
Indian Wells-Searles Valleys|18090205|[-1972557.3432, 1576697.0536000002, -1881718.0366, 1682796.5790000001]
Antelope-Fremont Valleys|18090206|[-2050949.9023000002, 1479744.0930000003, -1922054.1231000002, 1613069.5710000005]
Coyote-Cuddeback Lakes|18090207|[-1939952.8740999997, 1522308.3825000003, -1838479.6796999997, 1593299.8195000002]
Mojave|18090208|[-1963078.2617000006, 1449321.0186, -1737822.8666000005, 1565696.9384]
Truckee|16050102|[-2063552.4050999992, 2048988.6005000006, -1958755.9083999991, 2106343.236900001]
East Walker|16050301|[-2019515.3504000008, 1913086.9662999995, -1944539.3452000008, 2004834.3450999996]
West Walker|16050302|[-2028800.1138000004, 1929311.2091000006, -1969347.5208000003, 2028018.0594000006]
Ivanpah-Pahrump Valleys|16060015|[-1789981.8899000008, 1528350.1692999993, -1665709.1466000008, 1677356.3408999993]
Upper Amargosa|18090202|[-1844268.2464000005, 1596132.5189999994, -1749758.3561000004, 1783710.5497999995]
North Platte Headwaters|10180001|[-896467.6550999992, 1969455.679300001, -826359.9181999991, 2042873.286300001]
South Platte Headwaters|10190001|[-873129.9485999998, 1789751.1580999997, -785033.5075999998, 1874027.3099999996]
Upper South Platte|10190002|[-839372.7042999994, 1800624.950099999, -751298.9342999994, 1897313.564699999]
Middle South Platte-Cherry Creek|10190003|[-784999.5546000004, 1812462.9652999993, -659612.3054000004, 1988869.5919999992]
Clear|10190004|[-842303.7057000007, 1883356.1815000009, -757983.5163000007, 1914587.1251000008]
St. Vrain|10190005|[-820853.5128000006, 1908518.1718000006, -746981.1536000005, 1960697.2689000005]
Big Thompson|10190006|[-823362.4430999998, 1949642.6692999993, -736634.6501999998, 1995739.7720999992]
Lone Tree-Owl|10190008|[-781555.5518999994, 1966923.882099999, -716590.2224999993, 2054185.0377999991]
Kiowa|10190010|[-742964.9309999999, 1811636.360200001, -678677.2281999999, 1953786.510500001]
Bijou|10190011|[-730857.7248999998, 1815764.5650999993, -661758.9207999998, 1947559.4372999994]
Middle South Platte-Sterling|10190012|[-688737.6505999994, 1872035.2755999994, -532612.7195999994, 2026342.3120999993]
Beaver|10190013|[-672593.6273999996, 1841755.6839000005, -617937.2158999996, 1950759.7610000004]
Pawnee|10190014|[-685627.0587000009, 1971703.8465, -606889.9296000008, 2017841.0545]
Arikaree|10250001|[-664411.7647999991, 1826500.2317999993, -500969.8837999991, 1911280.1373999992]
North Fork Republican|10250002|[-624136.8881000001, 1873889.6589000002, -466338.46250000014, 1968555.1575000002]
Arkansas Headwaters|11020001|[-907581.9539000001, 1691055.6815000009, -796422.6033000001, 1866147.4547000008]
Upper Arkansas|11020002|[-820369.9374000002, 1683898.3394000009, -726044.2532000002, 1801722.9352000009]
Fountain|11020003|[-782876.0888, 1724870.1455000006, -735662.8795, 1826436.4669000006]
Chico|11020004|[-742647.8537000008, 1721874.9209000003, -706084.7576000008, 1816976.1982000002]
Upper Arkansas-Lake Meredith|11020005|[-729698.0961000007, 1633555.0576000009, -635288.3478000007, 1780012.9909000008]
Huerfano|11020006|[-829549.6667, 1621938.3648000006, -714093.8459, 1719911.7415000005]
Apishapa|11020007|[-791508.2506000008, 1615612.3421999998, -688586.7852000009, 1706097.227]
Horse|11020008|[-713487.3271999992, 1692803.3826000001, -635995.4912999992, 1811450.7334]
Big Sandy|11020011|[-724282.2190000005, 1694565.1130999997, -544794.9477000005, 1843865.5812999997]
Rush|11020012|[-699172.5642000008, 1723371.8436999992, -563227.8347000008, 1826338.5937999992]
Sand Arroyo|11040004|[-629005.6775000002, 1591096.6918000001, -480414.7830000002, 1625668.6052]
Rio Grande Headwaters|13010001|[-1006172.3716000002, 1648535.8235999998, -903580.9197000002, 1715007.3604999997]
Alamosa-Trinchera|13010002|[-937140.0015999991, 1581849.3122000005, -799234.8917999992, 1677741.3837000006]
San Luis|13010003|[-901894.4080999997, 1644624.5881999992, -820436.8613999996, 1760005.303699999]
Saguache|13010004|[-944304.5187999997, 1677435.7528000008, -857656.9593999997, 1750361.518500001]
Blue|14010002|[-884552.3199000005, 1860246.3222000003, -830320.6896000005, 1939846.9697000002]
Eagle|14010003|[-938497.9489999991, 1858555.5655000005, -863863.5137999991, 1919636.7200000004]
East-Taylor|14020001|[-953111.4664999992, 1782917.2750000004, -885062.7490999992, 1833214.2882000003]
Upper Gunnison|14020002|[-1020991.2257000003, 1705018.2723999992, -924303.5344000002, 1813956.1736999992]
Tomichi|14020003|[-951903.9893999994, 1710363.1246000007, -884150.0074999994, 1791957.9610000006]
North Fork Gunnison|14020004|[-1016006.8641999997, 1799975.8410999998, -950021.4277999997, 1862458.2414999998]
Lower Gunnison|14020005|[-1095368.1456000004, 1765833.4849999994, -1006116.4902000003, 1853306.1830999993]
Uncompahgre|14020006|[-1052983.4286000002, 1713374.3474000003, -997966.4438000002, 1813735.9898000003]
Upper Dolores|14030002|[-1146059.2260999996, 1666667.4386999998, -1032131.0233999996, 1792871.6076999998]
San Miguel|14030003|[-1106445.5229000002, 1701734.4148999993, -1018906.9305000002, 1792928.1575999993]
Upper Yampa|14050001|[-981200.4257999994, 1939174.4990999997, -887984.8056999994, 2039615.2256999996]
Lower Yampa|14050002|[-1093251.9646000005, 1959146.6477000006, -969465.2343000006, 2034342.8144000005]
Pine Valley|16020302|[-1543257.7567999996, 1821320.4020000007, -1505032.6785999995, 1891859.9217000008]
Rush-Tooele Valleys|16020304|[-1395223.1117000002, 1992632.8254000004, -1350737.7347000001, 2110959.0239000004]
Skull Valley|16020305|[-1424570.7031999994, 2015257.1657999996, -1382985.5127999994, 2110144.4739999995]
Great Salt Lake|16020310|[-1407903.1110999994, 2079381.5689000003, -1322362.6915999993, 2200430.1123]
Upper Sevier|16030001|[-1467618.1586000007, 1723641.0121999998, -1392775.1541000006, 1820523.5811999997]
Beaver Bottoms-Upper Beaver|16030007|[-1489950.3205999993, 1799805.0965, -1407500.1201999993, 1884669.7836]
Lower Beaver|16030008|[-1454685.5555000007, 1857170.2650000006, -1405876.4617000008, 1924472.5643000007]
South Fork Beaver|10250012|[-562112.3672000002, 1806455.8445999995, -424572.3501000002, 1878819.2482999994]
North Fork Smoky Hill|10260002|[-583740.6322000008, 1778562.8386000004, -450755.1211000008, 1818199.7726000003]
North Fork Cimarron|11040003|[-597407.5647, 1581149.4301999994, -446073.8284, 1641188.5800999994]
Bear|11040005|[-615080.5144999996, 1603832.2372999992, -458556.35119999957, 1670078.6911999993]
Lower Lodgepole|10190016|[-703533.5247000009, 2011834.5342999995, -532226.4088000009, 2081998.8321999996]
Purgatoire|11020010|[-809968.9057, 1569737.4483000003, -621862.3756, 1693865.9465000003]
Mancos|14080107|[-1141050.0854000002, 1619267.0377999991, -1054981.9801000003, 1675020.9587999992]
McElmo|14080202|[-1156027.9071999993, 1651357.4280999992, -1082986.7649999992, 1693073.644999999]
Upper North Platte|10180002|[-946268.8450000007, 2033922.7278000005, -841569.5044000007, 2161382.2034000005]
Little Snake|14050003|[-1056755.1991000008, 2006179.3257999998, -900668.6998000008, 2110288.0226999996]
Lower Green-Diamond|14060010|[-1165965.7206999995, 1977354.7654999997, -1084015.7501999994, 2060475.7191999997]
Little Bear-Logan|16010203|[-1319895.2430000007, 2148437.0308, -1267691.0685000008, 2226239.3279999997]
Lower Weber|16020102|[-1347467.5764000006, 2061769.8694000002, -1274583.2228000006, 2159433.3259]
Jordan|16020204|[-1353466.2530000005, 2046184.8231000006, -1299149.8683000004, 2104148.1011000006]
Frenchman|10250005|[-590718.7683000006, 1921660.0314000007, -406945.0271000006, 1993313.2559000007]
Muddy|15010012|[-1687299.1708000004, 1635768.5747999996, -1614641.2601000005, 1759422.0617999996]
Pine|16040104|[-1724113.2292999998, 2046405.1423000004, -1665544.4690999999, 2136104.0535000004]
Suisun Bay|18050001|[-2250921.237400001, 1941750.2719999999, -2213179.4664000007, 2020602.2848999999]
Estrella|18060004|[-2189164.7062999997, 1613643.8626000006, -2136454.5487999995, 1720544.3557000007]
Santa Barbara Channel Islands|18060014|[-2226089.716499999, 1472256.8166000005, -2114070.721499999, 1520096.5302000004]
Vermilion|14040109|[-1082315.3449000008, 2019329.5129000004, -1017716.2917000009, 2104015.3904000004]
Upper Chehalis|17100103|[-2084403.7676999997, 2891169.6533000004, -2002181.2884999998, 2967686.0478000003]
Santa Clara|18070102|[-2113414.4034, 1490337.0441999994, -1993163.6244, 1560894.2401999994]
Calleguas|18070103|[-2111266.1434000004, 1475854.2108999994, -2045006.5872000004, 1505588.2101999994]
Santa Monica Bay|18070104|[-2095829.5671999995, 1416329.8377999999, -2018648.5154999995, 1487597.3386]
Los Angeles|18070105|[-2057580.0190999992, 1424878.6589000002, -1988641.2870999991, 1497867.772]
San Gabriel|18070106|[-2039596.9757000003, 1414500.0526, -1958133.8669000003, 1484349.7084000001]
San Pedro Channel Islands|18070107|[-2173431.3093, 1320453.7857999997, -2038502.7255, 1421053.1458999997]
Seal Beach|18070201|[-2017923.9875000007, 1402235.2845, -1990934.7003000008, 1428819.3112]
San Jacinto|18070202|[-1959197.4158999994, 1369644.8641, -1879459.2362999995, 1432303.0895999998]
Santa Ana|18070203|[-2007523.7421000004, 1396932.0606000004, -1878655.5878000003, 1480542.2020000005]
Newport Bay|18070204|[-2009213.9235999994, 1391377.6410999997, -1973919.9339999994, 1421793.1018999997]
Aliso-San Onofre|18070301|[-1998884.2157000005, 1349159.3653999995, -1947400.0540000005, 1407672.0511999996]
Santa Margarita|18070302|[-1966365.7449999992, 1348726.9611, -1882083.189399999, 1395170.0078]
San Luis Rey-Escondido|18070303|[-1971470.7513999995, 1322150.3425000003, -1882455.8402999996, 1366883.5920000002]
Madeline Plains|18080002|[-2057090.7553000003, 2217968.011, -1979035.1536000003, 2271525.1277]
Mono Lake|18090101|[-2010839.3362000007, 1863365.6278000008, -1938928.8181000007, 1933956.7476000008]
Crowley Lake|18090102|[-1997610.0171000008, 1780790.9998000003, -1920426.9969000008, 1892030.5307000002]
Owens Lake|18090103|[-1961749.5467000008, 1674917.5195000004, -1908929.1774000009, 1786051.5030000005]
Eureka-Saline Valleys|18090201|[-1932469.7968000006, 1713001.8045000006, -1879592.7218000006, 1833708.1626000006]
Death Valley-Lower Amargosa|18090203|[-1891715.4767000005, 1540412.6842999998, -1740903.5130000005, 1810604.2290999999]
Carrizo Plain|18060003|[-2149022.9145, 1579534.6418999992, -2098445.2372, 1654003.0601999993]
Salinas|18060005|[-2257018.9766000006, 1627358.8893, -2159300.577900001, 1831529.7800999999]
Central Coastal|18060006|[-2281961.5977999996, 1610310.8126999997, -2175843.6103, 1824509.3265999996]
Cuyama|18060007|[-2184225.2509000003, 1541601.9331999999, -2080467.0391000004, 1638306.1838999998]
Santa Maria|18060008|[-2208342.529100001, 1558151.3364000004, -2122695.031500001, 1621001.6562000003]
San Antonio|18060009|[-2218076.0286999997, 1570959.1304000001, -2166209.4943, 1615058.0107000002]
Santa Ynez|18060010|[-2211064.2234000005, 1530215.4376999997, -2108421.8541000006, 1585153.0695999996]
Santa Barbara Coastal|18060013|[-2224176.6898999996, 1515448.4219000004, -2115136.8790999996, 1582146.5081000004]
Monterey Bay|18060015|[-2275768.2963999994, 1807703.6028000005, -2225234.0124999993, 1893380.3569000005]
Ventura|18070101|[-2124157.7028, 1499145.1574000008, -2087554.7023, 1543906.9780000008]
Delaware|13070002|[-835084.4759, 979114.4193000002, -752784.4062, 1031197.1828000002]
Toyah|13070003|[-782137.5679000001, 873375.4852, -687035.7395000001, 953831.0302]
Salt Draw|13070004|[-816953.3991999999, 876050.1520999996, -705245.6332999999, 981414.9902999996]
Tunas|13070009|[-670279.0066999998, 833255.3925000001, -589274.5071999998, 903846.7291000001]
Independence|13070010|[-625708.7224000003, 827704.2587000001, -548074.9115000003, 877265.4178000002]
Punta de Agua|11090102|[-690374.7611999996, 1407229.5636999998, -564864.9990999995, 1502818.478]
Sevier Lake|16030009|[-1517309.3754999992, 1830562.4592000004, -1442454.4512999991, 1946136.2665000004]
Lower Dolores|14030004|[-1141665.3628000002, 1779188.3230000008, -1083412.8567000004, 1839343.1188000008]
Lower White|14050007|[-1152571.5779999997, 1902177.9317000005, -1038267.2329999998, 2007158.0336000004]
Montezuma|14080203|[-1172141.3059999999, 1662226.1493999995, -1109844.7288999998, 1741849.9834999996]
Middle Bear|16010202|[-1323590.4881999996, 2191654.4091, -1267299.8331999995, 2290697.1431]
Lower Bear-Malad|16010204|[-1352167.2197999991, 2154859.6098999996, -1309343.6188999992, 2289157.4528999995]
Curlew Valley|16020309|[-1418943.7009999994, 2139683.9009000007, -1339384.5014999993, 2282792.8716000007]
Northern Great Salt Lake Desert|16020308|[-1522698.0076000001, 2081219.3078000005, -1383103.9766000002, 2236914.3595000007]
Little Wood|17040221|[-1515442.3321000002, 2339267.1427999996, -1413691.9040000003, 2445763.6402999996]
Upper Wind|10080001|[-1126512.4198000003, 2264634.238500001, -980154.8622000003, 2407078.579800001]
Little Wind|10080002|[-1081588.8367999997, 2230347.8790000007, -983021.5211999997, 2316236.040900001]
Popo Agie|10080003|[-1073490.3720999993, 2238055.0879999995, -1009232.1506999993, 2285091.9312999994]
Badwater|10080006|[-981713.6072000004, 2290598.0622000005, -901268.2926000004, 2346015.1664000005]
Upper Bighorn|10080007|[-1060698.5039000008, 2332510.4460000005, -922488.4477000008, 2447318.0496000005]
Nowood|10080008|[-950454.3432, 2324688.2513999995, -879293.5258, 2444027.1370999995]
Piedra|14080102|[-1006327.0267999992, 1611769.5566000007, -958484.2360999992, 1681027.2865000006]
South Fork Republican|10250003|[-633204.5730000008, 1799409.1437, -461704.0228000008, 1905952.2333]
Lower Chehalis|17100104|[-2098186.4782999996, 2956685.2639000006, -2045040.3379999995, 3027987.3182000006]
Grays Harbor|17100105|[-2124115.404100001, 2954732.0424000006, -2065110.817700001, 3026371.5637000008]
Willapa Bay|17100106|[-2144420.7936000004, 2900509.1438999996, -2067983.0918000005, 2977941.1143999994]
Duwamish|17110013|[-1974567.4701000005, 2938088.5140000004, -1905107.6572000005, 3005395.4596000006]
Bear Lake|16010201|[-1276186.8274000008, 2177644.366800001, -1232051.6553000007, 2311178.3924000007]
Central Bear|16010102|[-1245564.2928999998, 2194833.2128, -1192703.1659999997, 2271802.747]
Deschutes|17110016|[-2032542.3609999996, 2912405.9174000006, -1992762.2507999996, 2964710.516500001]
Strait of Georgia|17110002|[-2012145.0866, 3097566.4169999994, -1923606.0699, 3189690.0849999995]
San Juan Islands|17110003|[-2037194.0560999997, 3099155.6437, -1962641.1577999997, 3185594.8397]
Elk|17010106|[-1406864.7990000006, 3017011.3827, -1351304.7770000007, 3199773.4658]
Upper Coeur d'Alene|17010301|[-1543982.3289, 2883084.9385, -1479851.3926000001, 2947172.9988]
South Fork Coeur d'Alene|17010302|[-1534832.2117999997, 2869929.3005999997, -1478318.2340999998, 2895464.7155]
Coeur d'Alene Lake|17010303|[-1584553.0045999996, 2874268.764799999, -1522661.5436999996, 2921067.298299999]
St. Joe|17010304|[-1579681.1253999993, 2810487.102, -1446880.8276999993, 2883326.6492]
Palisades|17040104|[-1253615.1930999998, 2330084.058, -1198586.1274999997, 2399329.9256]
Idaho Falls|17040201|[-1311331.1067999993, 2379482.7366000004, -1246557.4081999992, 2436217.5114]
Upper Henrys|17040202|[-1247417.1029000003, 2438141.5650999993, -1182935.1109000002, 2516655.3358999994]
Lower Henrys|17040203|[-1274922.8512999993, 2403133.8005, -1168203.3377999994, 2474963.7295999997]
Willow|17040205|[-1286923.2556999996, 2313682.1163, -1233905.6359999997, 2398798.651]
American Falls|17040206|[-1387386.6250999998, 2268000.899, -1276604.7743, 2406799.6926]
Blackfoot|17040207|[-1329423.0758999996, 2272773.9705, -1227542.1255999997, 2393751.264]
Portneuf|17040208|[-1353125.5112999994, 2252444.7457999997, -1267891.6185999995, 2354570.2243999997]
Lake Walcott|17040209|[-1469158.1526999995, 2261341.0249000005, -1355201.2559999996, 2410174.1459000004]
Beaver-Camas|17040214|[-1316439.6142999995, 2413589.8544999994, -1241814.8833999995, 2508009.9937999994]
Medicine Lodge|17040215|[-1339701.3556999993, 2400655.8353000004, -1291094.7592999993, 2506894.5938000004]
Birch|17040216|[-1366143.9733000007, 2424559.1785000004, -1323250.5793000006, 2506860.7475000005]
Little Lost|17040217|[-1402973.8753999993, 2420576.3785999995, -1343214.4436999992, 2514257.6767999995]
Big Lost|17040218|[-1464555.8082999997, 2375839.2031999994, -1327549.0514999996, 2498537.7329999995]
Big Wood|17040219|[-1525937.1895000003, 2355201.0149000008, -1441241.8778000004, 2471947.020800001]
Camas|17040220|[-1553097.4944000002, 2392335.1632000003, -1475570.3750000002, 2433284.7551]
North and Middle Forks Boise|17050111|[-1572019.5175, 2450061.8661, -1507425.435, 2500057.2985]
Boise-Mores|17050112|[-1602060.1898999996, 2447898.873400001, -1553365.1831999996, 2503783.776500001]
South Fork Boise|17050113|[-1592913.2704000007, 2406759.8944000006, -1487825.1003000007, 2469969.5507000005]
Lower Boise|17050114|[-1670944.2142999992, 2422955.5977, -1582147.9679999992, 2502578.099]
South Fork Payette|17050120|[-1589121.542199999, 2479958.4110000003, -1505898.9775999992, 2554616.9117000005]
Middle Fork Payette|17050121|[-1587641.2590999994, 2508790.2476000004, -1544618.0099999995, 2560770.0863000005]
Payette|17050122|[-1659406.4825999998, 2475232.5753000006, -1584048.8019999997, 2561110.9119000006]
Pahsimeroi|17060202|[-1425344.4338000007, 2472390.7381999996, -1378676.8465000007, 2548867.0166999996]
Lower Middle Fork Salmon|17060206|[-1520779.4727999996, 2543527.259400001, -1435953.3641999997, 2631512.6350000007]
Middle Salmon-Chamberlain|17060207|[-1557345.4760999996, 2618349.207800001, -1426554.1379999996, 2682794.140300001]
South Fork Salmon|17060208|[-1559734.769200001, 2547791.9108000007, -1504575.7159000009, 2652985.4703000006]
Upper Selway|17060301|[-1470929.8691000007, 2640954.7302, -1419336.4145000007, 2719547.3813]
Lower Selway|17060302|[-1514891.7986999992, 2672125.935799999, -1417150.1768999991, 2742602.757599999]
Lochsa|17060303|[-1517718.8948999997, 2724718.4574999996, -1398670.1484999997, 2779619.5250999997]
Middle Fork Clearwater|17060304|[-1535360.4332999997, 2708851.0935999993, -1506241.1782999998, 2744578.2806999995]
South Fork Clearwater|17060305|[-1573702.4702000003, 2668004.3246999998, -1479888.0113000004, 2740228.624]
Upper North Fork Clearwater|17060307|[-1507581.2411000002, 2753909.6575000007, -1429800.6168000002, 2818610.922500001]
Lower North Fork Clearwater|17060308|[-1555726.4536000006, 2777154.206700001, -1475360.9582000007, 2839265.9557000007]
Wenatchee|17020011|[-1879446.6963, 2936696.7849000003, -1825470.1319, 3040871.6656000004]
Upper Yakima|17030001|[-1912095.8840999994, 2855503.0241, -1828211.1995999995, 2984099.2461]
Naches|17030002|[-1936106.0798000004, 2865410.4024, -1862791.3791000005, 2939928.1854]
Upper Spokane|17010305|[-1609362.9931000005, 2907096.373400001, -1534632.6805000005, 2944408.611600001]
Rock|17060109|[-1669734.1407999992, 2848628.0255999994, -1585731.8571999993, 2906665.2686999994]
Gros Ventre|17040102|[-1185798.0014999993, 2345951.525800001, -1105120.9260999993, 2391668.572700001]
Ladder|10260004|[-564344.9091999996, 1733385.9392000008, -417917.57579999964, 1779698.6297000009]
Whitewoman|11030002|[-558788.5099, 1702993.3369999994, -418036.12119999994, 1762966.8062999994]
Upper Cimarron-Liberal|11040006|[-522363.42760000005, 1543819.5940000005, -361386.68570000003, 1621260.7070000004]
Greybull|10080009|[-1079218.0398999993, 2381843.0856, -953664.2031999993, 2451678.1648999997]
Dry|10080011|[-1037739.7068000007, 2432957.4266999997, -953777.6603000008, 2468524.0168999997]
North Fork Shoshone|10080012|[-1119405.2863999996, 2439577.1119999997, -1041496.9116999996, 2489076.8819999998]
South Fork Shoshone|10080013|[-1106216.1293000001, 2392153.370100001, -1037801.5063000001, 2462316.543800001]
Middle Fork Powder|10090201|[-906267.5528999995, 2313109.4308, -843954.1649999996, 2403170.2701000003]
Upper Powder|10090202|[-849070.6699000001, 2317089.1641000006, -765758.7979000001, 2474700.7603000007]
South Fork Powder|10090203|[-930751.7849000003, 2251005.8812000006, -838809.1565000003, 2345903.5658000004]
Salt|10090204|[-856928.3615000006, 2279086.3433999997, -805108.8756000006, 2344957.0800999994]
Crazy Woman|10090205|[-882168.5554000009, 2369852.383199999, -802091.4042000009, 2442294.799399999]
Clear|10090206|[-887732.3412999995, 2407162.9943000004, -792351.2637999995, 2485536.7533000004]
Antelope|10120101|[-812366.0506999996, 2284043.4672, -727381.7768999996, 2341274.7451]
Dry Fork Cheyenne|10120102|[-807494.1472999994, 2267372.3258999996, -727266.9470999994, 2306834.2674]
Upper Cheyenne|10120103|[-761897.0244999994, 2289590.7671000008, -666483.5664999994, 2364976.029600001]
Lance|10120104|[-731138.7245000005, 2228501.1139, -657394.1422000005, 2298143.5408]
Lightning|10120105|[-777766.9280999992, 2236384.092599999, -694581.6057999992, 2291273.463199999]
Pathfinder-Seminoe Reservoirs|10180003|[-917932.7058000006, 2138433.4244999997, -853143.5680000006, 2218101.1542999996]
Medicine Bow|10180004|[-889863.0614, 2085742.9853000008, -791200.205, 2178948.194400001]
Little Medicine Bow|10180005|[-866234.5270000007, 2145344.9485, -796242.1394000007, 2207137.3515]
Sweetwater|10180006|[-1074914.1313000005, 2190412.9274000004, -876063.6967000004, 2259663.9930000002]
Middle North Platte-Casper|10180007|[-916463.5028000008, 2193882.4056, -762364.0748000008, 2292272.2617]
Glendo Reservoir|10180008|[-799943.5526999999, 2166719.5439, -699586.2846999998, 2253275.6568]
Lower Laramie|10180011|[-808413.0223999992, 2087830.3708999995, -698311.8267999992, 2188493.8080999996]
New Fork|14040102|[-1136250.9140000008, 2246825.5803999994, -1070953.0186000008, 2327026.2577999993]
Upper Green-Slate|14040103|[-1189213.6767999995, 2129428.8773, -1090699.5618999996, 2240452.3495]
Big Sandy|14040104|[-1132709.4590000007, 2172563.9393000007, -1049848.9797000007, 2271642.093500001]
Bitter|14040105|[-1111120.432, 2078659.6996999998, -1008617.8195, 2191950.6276]
Great Divide Closed Basin|14040200|[-1073199.0001999997, 2114670.8277000003, -907531.6882999997, 2217094.8632000005]
Muddy|14050004|[-1013869.5998999998, 2062932.3311, -934592.9812999998, 2134345.2501]
Clarks Fork Yellowstone|10070006|[-1098378.4229000006, 2475461.0275999997, -981746.2359000006, 2584231.5375999995]
Big Horn Lake|10080010|[-979856.9747000001, 2433948.673699999, -892908.9425000001, 2541750.126299999]
Shoshone|10080014|[-1050608.1500000004, 2435268.445800001, -958183.0260000004, 2547271.2556000007]
Upper Tongue|10090101|[-926697.9243999999, 2436312.2183, -800208.0538999999, 2541209.5757999998]
Horse|10180012|[-784342.4364999998, 2070336.8598999996, -644650.3791999999, 2135554.0411999994]
Muddy|14040108|[-1232776.0760999992, 2087024.3493000008, -1171908.4913999992, 2180712.5824000007]
Chetco|17100312|[-2301099.8857000005, 2446190.1620000005, -2246245.2885000003, 2503144.1856000004]
Warner Lakes|17120007|[-1971073.3988000005, 2336958.3907999992, -1882340.4498000005, 2459635.847599999]
Guano|17120008|[-1932177.6662000008, 2302751.711100001, -1834840.2764000008, 2455794.7740000007]
Necanicum|17100201|[-2153850.0032, 2837081.0606999993, -2120743.2024000003, 2904390.615099999]
Wilson-Trusk-Nestuccu|17100203|[-2178279.6238, 2764447.6709000003, -2100870.163, 2838805.3139000004]
Siltcoos|17100207|[-2233903.9538000003, 2636042.5557000004, -2200650.9236000003, 2669520.0241000005]
Sixes|17100306|[-2300315.8489999995, 2501436.314099999, -2253136.6074999995, 2583278.252999999]
Donner und Blitzen|17120003|[-1851372.1411000006, 2385283.206599999, -1805962.5370000005, 2475277.697299999]
Moyie|17010105|[-1498122.0763000008, 3015347.145199999, -1439518.9967000007, 3100099.7221999993]
Goose|17040211|[-1511285.6020999998, 2217831.0277999993, -1437654.0872999998, 2306430.628199999]
Pend Oreille Lake|17010214|[-1579746.4127999991, 2931455.8005, -1495603.3277999992, 3020292.1100999997]
Priest|17010215|[-1569848.1181000005, 2969390.8597999997, -1521492.3751000005, 3065687.9614]
Hangman|17010306|[-1629504.7531000003, 2845458.7071, -1567170.5257000003, 2923551.3279000004]
Salt|17040105|[-1240243.2666999996, 2259943.8848, -1195304.3206999996, 2337740.2711]
Teton|17040204|[-1266459.2826000005, 2370464.2587, -1182762.5802000004, 2435212.0748]
Fisher|17010102|[-1464119.4406000003, 2912937.403000001, -1397561.4380000003, 2975387.282900001]
Upper Clark Fork|17010201|[-1329892.0896000005, 2645118.0537, -1245443.1350000005, 2754882.5079]
Flint-Rock|17010202|[-1372266.6488000005, 2674628.2117999997, -1298332.2957000006, 2781489.2668]
Blackfoot|17010203|[-1361453.9004999995, 2742422.0429, -1239608.8890999996, 2837216.0914]
Middle Clark Fork|17010204|[-1489245.2142999992, 2775719.7189000007, -1348425.8443999991, 2874306.8417000007]
Middle Fork Flathead|17010207|[-1341879.8600999992, 2883533.7862, -1263816.6643999992, 2996730.8884]
Flathead Lake|17010208|[-1393795.803200001, 2869759.1063, -1331677.877300001, 2962472.065]
South Fork Flathead|17010209|[-1347089.6920999996, 2811536.4865000006, -1278487.1447999997, 2954656.8782000006]
Stillwater|17010210|[-1407028.0516, 2932600.9141000006, -1355270.5743, 3002989.7993000005]
Swan|17010211|[-1353581.8548000008, 2824486.3347999994, -1320495.4838000007, 2922814.1422999995]
Lower Flathead|17010212|[-1419369.2573000006, 2798791.374500001, -1339332.2837000007, 2939369.365100001]
Yaak|17010103|[-1479770.4119000006, 2990452.7698999997, -1425986.3620000007, 3063472.6484]
North Fork Flathead|17010206|[-1382969.2662000004, 2957685.8330000006, -1320776.6565000005, 3075524.6453000004]
Lower Clark Fork|17010213|[-1513304.6132999994, 2847130.1306, -1404791.1390999993, 2983459.8213]
Middle Kootenai|17010101|[-1497255.5446000006, 2936333.0634000003, -1375548.8612000006, 3150504.1308000004]
South Fork Owyhee|17050105|[-1715959.4439000003, 2191569.3763999995, -1640313.4804000002, 2330200.0454999995]
East Little Owyhee|17050106|[-1743618.9605, 2250574.4186000004, -1690060.5444, 2320043.2139000003]
Belt|10030105|[-1148775.1730000004, 2736309.3910000008, -1104327.5741000003, 2823895.4665000006]
Two Medicine|10030201|[-1298710.8822000008, 2889400.4054000005, -1203709.4606000008, 2956021.6995000006]
Bullwhacker-Dog|10040101|[-1088023.8211000003, 2769719.3531, -977719.1313000002, 2878665.5568999997]
Arrow|10040102|[-1110510.424900001, 2758761.67, -1038447.4672000009, 2837671.2467]
Judith|10040103|[-1120551.0329999998, 2709101.358100001, -1003264.7647999998, 2822814.0021000006]
Big Dry|10040105|[-872525.5018000007, 2711011.4009000007, -776369.3743000007, 2781801.821300001]
Upper Musselshell|10040201|[-1134789.4218000006, 2627622.8464, -950057.4543000006, 2728037.5399]
Flatwillow|10040203|[-1020764.6901999991, 2702173.8910000008, -910148.7385999991, 2733779.758800001]
Box Elder|10040204|[-1010326.7656999994, 2721338.3238999993, -917507.4362999994, 2777235.966199999]
Lower Musselshell|10040205|[-981071.5192000009, 2707118.0249000005, -869002.4716000009, 2788876.2000000007]
Milk Headwaters|10050001|[-1290733.6820999999, 2963517.1544000003, -1198625.1948999998, 3027910.0281]
Upper Milk|10050002|[-1207992.3182999995, 2917141.6290000007, -1028811.0387999995, 3028532.1835000007]
Wild Horse Lake|10050003|[-1069613.5721000005, 2950394.354800001, -1023438.6709000005, 3018186.520300001]
Little Beaver|10250013|[-539968.4253000002, 1824924.7952999994, -426789.29830000026, 1889982.4926999994]
Willow|17070104|[-1868551.2704000007, 2683998.125, -1805898.8236000007, 2769395.3177]
Lower John Day|17070204|[-1929498.3022000007, 2628321.564200001, -1827975.8281000007, 2774908.6227000006]
Upper Deschutes|17070301|[-2077030.0197, 2563113.3431, -1972771.2808, 2690288.1246]
Little Deschutes|17070302|[-2080496.6819000002, 2527648.448999999, -1996498.3094000001, 2589718.9288999992]
Trout|17070307|[-1964423.9816999994, 2640753.9328000005, -1918135.9829999995, 2702224.4763000007]
Lower Columbia|17080006|[-2139097.5583999995, 2859769.6096, -2077726.4238999996, 2914666.6133000003]
Raft|17040210|[-1463524.4686999992, 2218764.355799999, -1378080.9040999992, 2307180.1815999993]
Lower Spokane|17010307|[-1668296.133199999, 2917312.9388999995, -1603489.485899999, 2982801.2529999996]
Little Spokane|17010308|[-1618479.2741, 2924621.713199999, -1559877.7157, 2982564.8731999993]
Middle Milk|10050004|[-1046998.4951000009, 2841846.0393000003, -824795.2003000008, 2956356.7301000003]
Big Sandy|10050005|[-1094943.0997000001, 2863179.9022000004, -1021989.3140000001, 2916273.9646000005]
Sage|10050006|[-1119407.2031999994, 2894446.888800001, -1043399.7065999995, 2978105.613800001]
Lodge|10050007|[-1060681.9001000002, 2908860.176000001, -978129.4735000002, 3036868.882100001]
Battle|10050008|[-1042210.4995000008, 2908842.3948999997, -947720.5799000008, 3039466.178]
Peoples|10050009|[-1004884.1435000002, 2831787.1564000007, -910123.0241000003, 2885706.1579000005]
Cottonwood|10050010|[-958607.4988000002, 2889133.829500001, -874916.7683000001, 2963005.227200001]
Whitewater|10050011|[-974081.8271999992, 2888957.877699999, -839691.5729999993, 2992976.011699999]
Frenchman|10050013|[-1005633.3066000007, 2884806.7454000004, -820787.0641000008, 3037530.6955000004]
Beaver|10050014|[-942638.9686999992, 2811381.697899999, -827059.1780999992, 2890399.8331999993]
Rock|10050015|[-833147.7971000001, 2871701.9077000003, -773760.6219000001, 2963970.2687000004]
Porcupine|10050016|[-794662.7081000004, 2833277.2815000005, -750813.1847000004, 2916134.6207000003]
West Fork Poplar|10060004|[-779408.8845000006, 2864652.2896, -697344.6583000006, 2960347.5916]
Upper Yellowstone|10070002|[-1182373.4164000005, 2535259.9552999996, -1043919.1690000005, 2660501.1317]
Shields|10070003|[-1159464.4955000002, 2611512.5698000006, -1102456.2594, 2672641.7903000005]
Pryor|10070008|[-990243.0267999992, 2534265.150699999, -942301.6414999992, 2606472.893599999]
Lower Tongue|10090102|[-843288.6599000003, 2489257.4881999996, -726542.7247000004, 2642159.6509999996]
Lower Powder|10090209|[-735644.7288000006, 2509662.7475000005, -672485.3972000006, 2675046.3622000003]
Mizpah|10090210|[-765053.6203000005, 2528089.2347999997, -710531.7772000006, 2622292.9026999995]
O'Fallon|10100005|[-706586.8175000008, 2576950.5693999995, -624552.1524000008, 2683266.7850999995]
Middle Arkansas-Lake McKinney|11030001|[-535851.1505999994, 1646009.5418999996, -414812.32969999936, 1727105.1040999996]
Smoky Hill Headwaters|10260001|[-565182.5927000009, 1765272.9631999992, -453360.86250000086, 1809165.4033999993]
Hackberry|10260005|[-458225.96660000086, 1760827.4546000008, -346382.70820000087, 1804764.3544000008]
Upper Saline|10260009|[-460604.79810000025, 1759915.8662, -206543.83210000026, 1814757.7175]
Upper South Fork Solomon|10260013|[-469502.05519999936, 1806387.0451999996, -291825.9451999994, 1840939.6405999996]
Aqua Fria|15070102|[-1523109.3780000005, 1275503.9039000003, -1434680.2630000005, 1419794.2419000003]
Hassayampa|15070103|[-1569684.2360999994, 1274760.8757999996, -1486979.6858999995, 1401944.8583999996]
Upper Green-Flaming Gorge Reservoir|14040106|[-1202770.9619999994, 2020364.5894000009, -1059966.0672999993, 2135663.981600001]
Blacks Fork|14040107|[-1225841.3264000006, 2064373.8037999999, -1114582.7029000006, 2244484.2054999997]
Upper Green|14040101|[-1197258.7841999996, 2199328.941400001, -1099885.2337999996, 2356699.616300001]
Greys-Hobock|17040103|[-1213474.8373000007, 2262090.2016000003, -1139944.6446000007, 2392706.1521]
Crescent-Hoko|17110021|[-2122635.1191000007, 3079630.2874999996, -2032090.6850000008, 3220385.2584999995]
Utah Lake|16020201|[-1362350.7464000005, 1950948.8808999993, -1301494.1423000004, 2058940.9743999992]
Spanish Fork|16020202|[-1332572.9942000005, 1960752.0713, -1272050.8182000006, 2026396.1975]
Long Creek|09010006|[-646060.9980999995, 2870119.2662000004, -511763.02939999953, 2989022.8694]
Little Muddy|10110102|[-600071.9707999993, 2815839.8574, -528714.1229999993, 2885510.5666]
Painted Woods-Square Butte|10130101|[-421771.55670000054, 2650803.0736, -311195.0609000005, 2777065.3548]
Des Lacs|09010002|[-493121.06909999996, 2810384.6933999993, -405764.8892, 2908874.022999999]
Headwaters Souris River|09010007|[-619616.8932000007, 2868949.716, -479121.1061000008, 3042626.0786]
Brush Lake Closed Basin|10060007|[-627149.0254999995, 2860867.9651999995, -562245.8614999995, 2942938.3908999995]
Upper Lodgepole|10190015|[-783536.0844, 2017439.1985, -652833.8737000001, 2079716.0895999998]
Boxelder|10110202|[-702198.7441000007, 2499108.7841, -615365.5000000007, 2590413.7989999996]
Beaver|10110204|[-639391.5358000007, 2638941.4463, -581263.0624000006, 2736073.2687]
Madison|10020007|[-1255282.4803999998, 2464286.9935, -1143855.1259999997, 2646750.1565]
Little Bighorn|10080016|[-935485.5028000008, 2476399.3089000005, -869352.8850000008, 2584135.0256000008]
Middle Powder|10090207|[-800991.9373000003, 2452362.0654000007, -728535.7906000003, 2538404.7375000007]
St. Marys|09040001|[-1315496.6020999998, 2961325.1443000007, -1217350.1686999998, 3066777.804600001]
Belly|09040002|[-1334895.6805000007, 2991150.4217000008, -1197713.3631000007, 3105855.7302000006]
Red Rock|10020001|[-1373481.7578999996, 2492590.2492999993, -1220550.7816999997, 2592047.7999999993]
Beaverhead|10020002|[-1347972.1064, 2525709.933599999, -1254649.5367, 2622950.9715999993]
Ruby|10020003|[-1287718.7807999998, 2528100.7127, -1235079.7850999997, 2618273.698]
Jefferson|10020005|[-1278981.4455999993, 2608211.1919, -1198750.4204999993, 2680484.6693]
Gallatin|10020008|[-1213943.0658, 2520806.4617, -1143270.2421, 2657618.4948]
Smith|10030103|[-1199935.5693999995, 2679719.619999999, -1114196.2977999994, 2808917.2218999993]
Fort Peck Reservoir|10040104|[-1015733.8069000002, 2705349.9662999995, -745059.2487000001, 2871487.0698999995]
Prairie Elk-Wolf|10060001|[-795841.8032000009, 2768419.774700001, -690930.2054000009, 2888569.520000001]
Redwater|10060002|[-759503.2620000001, 2709296.9549000002, -659908.0675000001, 2818981.9218]
Poplar|10060003|[-764965.2701999992, 2820193.558599999, -665065.5134999992, 2970394.0203999993]
Charlie-Little Muddy|10060005|[-691704.3441000003, 2785483.8556999993, -591967.8215000003, 2846041.1590999993]
Big Muddy|10060006|[-690419.6331999991, 2821963.0089999996, -581582.9474999991, 2967349.5745999995]
Strawberry|14060004|[-1285225.2983, 1970363.9492000006, -1210006.6631999998, 2036249.4462000006]
Provo|16020203|[-1320532.5098, 2021461.3880000003, -1243122.7207000002, 2068694.0186000003]
Lower Yellowstone|10100004|[-755700.7862999998, 2639405.711100001, -566910.3686999998, 2801335.285400001]
Upper Yellowstone-Lake Basin|10070004|[-1068492.490700001, 2568589.4415000007, -961864.4435000009, 2637638.778000001]
Stillwater|10070005|[-1104936.4767000005, 2531537.8183999993, -1024524.5676000004, 2589022.260599999]
Lower Milk|10050012|[-847080.2822999991, 2804827.268100001, -757839.7518999991, 2898234.052500001]
Cache La Poudre|10190007|[-831690.4036999997, 1963526.6970000006, -722411.6333999997, 2061549.6721000005]
Upper Laramie|10180010|[-856106.2038000003, 1997977.2489999998, -781331.5784000002, 2150781.4113999996]
Crow|10190009|[-784597.3683000002, 1962140.9070999995, -672430.8375000003, 2067106.3365999996]
Upper Bear|16010101|[-1280886.5012999997, 2063142.5221999995, -1199117.2865999998, 2212040.1658999994]
Upper Weber|16020101|[-1298020.3563, 2054471.575099999, -1241960.9491, 2144071.824799999]
Tule Valley|16020303|[-1506295.3510999996, 1889033.4505000003, -1468931.8700999997, 1994176.4338000002]
Lower Sevier|16030005|[-1471057.7993, 1859026.6064999998, -1329781.5173, 2008180.3885999997]
Southern Great Salt Lake Desert|16020306|[-1532082.5083000008, 1959661.1169000007, -1392999.8120000008, 2133259.0506000007]
Upper Niobrara|10150003|[-638290.1326000001, 2117323.7106, -433441.1239000001, 2248761.2298]
Upper White|10140201|[-638784.6910999995, 2193181.071799999, -480146.2427999995, 2329375.258199999]
Polacca Wash|15020013|[-1345798.3759000003, 1462236.6898999996, -1224519.7759000002, 1567566.7343999997]
Sacramento Wash|15030103|[-1668804.3906999994, 1431736.8498999998, -1606828.0086999994, 1534274.5625999998]
Middle Concho|12090103|[-592315.5265999995, 898813.5440999996, -432165.8756999995, 988129.7782999997]
Upper Devils|13040301|[-514997.3331000004, 792138.0586999999, -427418.2436000004, 900097.8668999999]
Bouse Wash|15030105|[-1671232.2316999994, 1293319.7298999997, -1587795.5082999994, 1386239.9113999996]
Tyson Wash|15030106|[-1683641.6998999994, 1290489.3690999998, -1648476.7567999994, 1366906.4419999998]
Upper Gila-San Carlos Reservoir|15040005|[-1349610.8577999994, 1139883.1939000003, -1223126.8015999994, 1257340.0994000002]
Middle Gila|15050100|[-1503992.0430999994, 1166668.3745999997, -1324042.4563999993, 1276709.1092999997]
Willcox Playa|15050201|[-1329700.3288000003, 1059781.5980000002, -1244145.5428000002, 1170953.8046000001]
Lower San Pedro|15050203|[-1386584.0878999997, 1103264.38, -1303015.4219999998, 1209113.1664999998]
Upper Santa Cruz|15050301|[-1439147.3662, 993980.5576, -1353507.7511, 1177422.5528]
Rillito|15050302|[-1404351.0448000003, 1052118.9574999996, -1352025.6917000003, 1149104.5898999996]
Lower Santa Cruz|15050303|[-1521441.7336, 1148207.3409000002, -1396955.0052, 1260204.5632000002]
Brawley Wash|15050304|[-1472803.8221000005, 1046347.2449000003, -1405708.8646000004, 1167952.1797000002]
Aguirre Valley|15050305|[-1479705.3534999993, 1107184.0574000003, -1437817.5778999992, 1190469.4989000002]
Santa Rosa Wash|15050306|[-1530048.6261999998, 1117646.5670999996, -1461321.2905, 1215977.8032999996]
Lower Salt|15060106|[-1499686.7810999993, 1260728.0646000002, -1387993.6473999992, 1318163.5242]
Lower Gila-Painted Rock Reservoir|15070101|[-1575171.5096000005, 1182403.9214000003, -1492091.7634000005, 1306537.4882000003]
Lower Gila|15070201|[-1720070.3847000003, 1171050.1853999998, -1556521.8282000003, 1306554.1857999999]
Tenmile Wash|15070202|[-1618664.7043999992, 1143490.7015000004, -1538615.1394999991, 1238635.4112000004]
San Cristobal Wash|15070203|[-1645183.5903999992, 1129505.4589, -1549026.525899999, 1235680.7459]
Lower Colorado|15030107|[-1809313.6993000004, 1128114.8936, -1698095.7372000003, 1270578.1652000002]
Yuma Desert|15030108|[-1771586.7243000008, 1101242.0845999997, -1678843.3349000008, 1244007.3725999997]
Upper San Pedro|15050202|[-1379605.6401000004, 975907.1896000002, -1304295.0633000005, 1124299.1461000002]
San Simon Wash|15080101|[-1561037.3783999998, 1040835.5562000005, -1460707.0513999998, 1187772.0089000005]
Rio Sonoyta|15080102|[-1663411.2347999997, 972352.3449999997, -1537571.5521999998, 1150733.9052999998]
Tule Desert|15080103|[-1711809.2991000004, 1084050.5015000002, -1578958.9468000005, 1183733.7933000003]
Upper Belle Fourche|10120201|[-792625.1605999991, 2331170.650800001, -639673.8356999991, 2454545.742900001]
Barrilla Draw|13070005|[-780294.4132000003, 853190.0081000002, -691801.0175000003, 945717.0872000002]
Coyanosa-Hackberry Draws|13070006|[-760082.1544000003, 825520.5323999999, -672509.9490000004, 946383.3943999999]
Pecos|13070008|[-613699.4381000008, 833888.8716000002, -529257.0810000008, 946081.9945000001]
Howard Draw|13070011|[-539411.3793000001, 801846.4068, -500042.7980000001, 913114.8496]
Lower Pecos-Red Bluff Reservoir|13070001|[-811464.6535999998, 882907.3751999997, -672014.2133999998, 1048937.9791999997]
Landreth-Monument Draws|13070007|[-730356.9015999995, 836379.7637, -579936.3738999995, 1135651.8055]
Havasu-Mohave Lakes|15030101|[-1711318.4241000004, 1405214.278, -1639174.2498000003, 1606178.3095]
Coyote|18050003|[-2277983.8222000003, 1850704.164999999, -2208594.3322, 1919078.490999999]
San Francisco Bay|18050004|[-2284595.727499999, 1879022.8333, -2202163.0368999992, 1960128.0863]
Jornada Draw|13030103|[-1040221.6742000002, 1086402.1346000005, -980527.8861000002, 1195389.9703000004]
Playas Lake|13030201|[-1236525.984099999, 867145.6300999997, -1083262.098799999, 1082780.3284999998]
Mimbres|13030202|[-1157976.5357000008, 904522.3691999996, -1026839.2800000008, 1187755.8329999996]
Cloverdale|15080303|[-1230542.9738999996, 990405.6535999998, -1203517.1806999997, 1019415.8322999999]
Rio De La Concepcion|15080200|[-1618841.7952999994, 871212.2451999998, -1362825.4072999994, 1064666.2045999998]
Whitewater Draw|15080301|[-1326095.5187999997, 912958.1070999997, -1245619.4038999998, 1074291.9736999997]
San Simon|15040006|[-1284324.8775999993, 1021491.6732000001, -1210809.1657999994, 1175214.9070000001]
Imperial Reservoir|15030104|[-1772672.2839000002, 1255217.5576, -1624564.5043000001, 1423071.7171]
San Diego|18070304|[-1970540.6234000009, 1267223.8073000005, -1889129.8423000008, 1341564.2807000005]
Cottonwood-Tijuana|18070305|[-1957179.2284999993, 1202302.5335, -1853805.3449999993, 1300274.1852]
Southern Mojave|18100100|[-1917685.9965000004, 1320066.9578999998, -1696143.0625000005, 1533374.8839999998]
Whitewater River|18100201|[-1906819.4900000002, 1352688.6887999997, -1824282.1729000001, 1438552.0456999997]
Carrizo Creek|18100202|[-1892294.0375999995, 1242333.4089000002, -1830177.1203999994, 1313853.7030000002]
San Felipe Creek|18100203|[-1896350.7573000006, 1289539.125, -1823007.3741000006, 1369341.6127]
Salton Sea|18100204|[-1867612.2882000003, 1215451.9291000003, -1727253.1747000003, 1385916.7493000003]
North Fork Humboldt|16040102|[-1652610.7049000002, 2157900.045, -1599590.2249000003, 2239858.4901]
Muskrat|10080004|[-985031.1981000006, 2244915.7325, -936769.9042000006, 2306968.0271]
Lower Wind|10080005|[-1055957.6324000005, 2253933.4214999992, -905134.4036000004, 2370291.8142999993]
Upper Arkansas-John Martin Reservoir|11020009|[-660723.1604999993, 1627434.3814000003, -520762.0946999993, 1782145.9307000004]
Two Butte|11020013|[-648640.9638999999, 1603814.5185000002, -532063.5615999999, 1684725.6398000002]
Upper Missouri|10030101|[-1261561.8298000004, 2643389.1975, -1118433.0998000004, 2784356.426]
Upper Missouri-Dearborn|10030102|[-1273205.5743000004, 2763607.1426, -1071603.6928000005, 2854876.5667999997]
Sun|10030104|[-1291140.9132000003, 2808537.868899999, -1153169.4662000004, 2887166.539799999]
Cut Bank|10030202|[-1299041.885399999, 2933909.0747999996, -1193270.6195999992, 2992417.8140999996]
Marias|10030203|[-1247306.1843999997, 2849792.2315999996, -1073716.7968999997, 2987771.7399999998]
Willow|10030204|[-1177725.3245, 2908087.4712000005, -1120795.7209, 2977813.5992000005]
Teton|10030205|[-1266549.6162999999, 2834353.1359, -1088576.7029, 2896319.2437]
Lake Sakakawea|10110101|[-601078.4514000006, 2724616.0275999997, -375210.0869000006, 2884676.7841999996]
Boulder|10020006|[-1276477.9233999997, 2643104.1513, -1216417.2544999998, 2711343.1284]
Little Powder|10090208|[-775000.9422999993, 2403862.4744000006, -698483.8075999992, 2534967.2766000004]
Upper Little Missouri|10110201|[-727082.1532000005, 2427607.8176000006, -588292.5325000006, 2624867.216900001]
Lower Snake-Tucannon|17060107|[-1694307.4075000007, 2757634.7359999996, -1607710.4246000007, 2837658.4978999994]
Palouse|17060108|[-1700579.1230999995, 2788187.1653000005, -1550812.4091999994, 2923376.0442000004]
Lower Snake|17060110|[-1765041.0464999992, 2789580.3227999993, -1691027.4220999992, 2836944.3885999992]
Upper Gila-Mangas|15040002|[-1239831.4716999996, 1122281.0234000003, -1127707.5125999996, 1211973.1486000002]
Animas Valley|15040003|[-1231018.0428, 1013703.0179000003, -1139990.7475, 1139017.9810000004]
El Paso-Las Cruces|13030102|[-1092671.1941, 858160.2494999999, -970569.2546999999, 1159449.3949]
Rio Grande-Fort Quitman|13040100|[-996854.1545000002, 905725.0965, -882826.5724000002, 1044677.9305]
Cibolo-Red Light|13040201|[-925624.6875999998, 736833.0782000003, -791213.1662999998, 959132.4899000004]
Alamito|13040202|[-807711.7235000003, 751208.1363000004, -736489.0161000004, 869133.5022000003]
Black Hills-Fresno|13040203|[-840628.3248999994, 644664.1041000001, -732200.9052999994, 770127.8036000001]
Terlingua|13040204|[-764283.6462999992, 706545.1771, -707648.7420999992, 815184.4027]
Big Bend|13040205|[-770609.3905999996, 564894.1085999999, -627491.2826999996, 746141.3743999999]
Maravillas|13040206|[-725490.5595999993, 733758.2627999997, -648820.8067999993, 840441.4536999997]
Santiago Draw|13040207|[-740372.9053000007, 733623.0240000002, -682975.0954000007, 831022.7447000002]
Reagan-Sanderson|13040208|[-667002.1795000006, 668471.0295000002, -559873.4561000005, 818958.8431000002]
San Francisco|13040209|[-692498.9345999993, 768397.7160999998, -607236.3980999993, 836564.0206999999]
Lozier Canyon|13040210|[-659614.6535999998, 764085.0789000001, -550600.8813999998, 832266.3973000001]
Big Canyon|13040211|[-685177.2186999992, 795812.5674, -558838.2725999991, 846006.9304000001]
Amistad Reservoir|13040212|[-607748.0889999997, 674241.6754999999, -486972.5864999997, 803169.3548999999]
Lower Pecos|13070012|[-569417.8886999991, 749648.3915999997, -495844.40529999905, 835951.2260999997]
Tularosa Valley|13050003|[-994708.7375000007, 1028797.4546999997, -882904.5092000008, 1300893.3733999997]
San Bernardino Valley|15080302|[-1280374.4163000006, 947799.3372999998, -1211783.9094000007, 1040428.7665999997]
Lower Little Missouri|10110205|[-592262.3540000003, 2712306.791200001, -470921.0774000003, 2784252.463500001]
Little Dry|10040106|[-849199.3781000003, 2682881.6542000007, -750764.0515000003, 2749120.672200001]
Lower Bighorn|10080015|[-962593.6780999992, 2507476.2204, -857093.9197999992, 2627529.6868]
Lower Yellowstone-Sunday|10100001|[-915624.2902000006, 2566186.4075000007, -718104.9583000006, 2707811.387700001]
Big Porcupine|10100002|[-884098.6173, 2636042.1306, -830286.5562, 2719308.7312999996]
Rosebud|10100003|[-874792.4003999997, 2513659.577299999, -792058.6738999997, 2632072.293899999]
Middle Musselshell|10040202|[-1004960.8200000003, 2645144.9087000005, -874833.3319000003, 2716983.4179000007]
Upper Yellowstone-Pompeys Pillar|10070007|[-1005993.3487999998, 2572210.1163999997, -885948.3583999998, 2658410.9965]
Grand Canyon|15010002|[-1576186.0920000002, 1529871.6568999998, -1426913.6746000003, 1629551.8275999997]
Havasu Canyon|15010004|[-1517839.7383999992, 1470827.6828000005, -1411389.222699999, 1604436.6652000006]
Red Lake|15010007|[-1632963.3699999992, 1490544.9481000006, -1535825.0812999993, 1571550.6065000007]
Fort Pearce Wash|15010009|[-1556691.3132000007, 1615614.854699999, -1468169.7586000008, 1702342.3019999992]
Upper Little Colorado|15020002|[-1298578.4156999998, 1313782.0623000003, -1186063.5364999997, 1411256.3058000004]
Lower Puerco|15020007|[-1276464.3384000007, 1397011.5146000003, -1180150.6832000008, 1455885.7343000004]
Middle Little Colorado|15020008|[-1395911.3126999997, 1348092.7130000005, -1271860.3971999995, 1489332.5167000005]
Cottonwood Wash|15020011|[-1320979.4824, 1425580.5261000004, -1176284.7135, 1519160.5283000004]
Lower Little Colorado|15020016|[-1426358.4225999992, 1470823.2772000004, -1327034.9813999992, 1595147.2626000005]
Dinnebito Wash|15020017|[-1364856.042199999, 1479824.3165000007, -1248633.6277999992, 1591055.8061000006]
Moenkopi Wash|15020018|[-1390487.2175999992, 1531174.3313999996, -1254714.1467999993, 1627028.2717999995]
Big Sandy|15030201|[-1613975.4101999998, 1396830.824, -1526200.1879999998, 1517060.8963000001]
Big Chino-Williamson Valley|15060201|[-1538612.0467000008, 1412031.9429000001, -1456634.7713000008, 1561098.9666000002]
Upper Verde|15060202|[-1502791.1844999995, 1395878.6802000003, -1390586.7463999996, 1487163.5918000003]
Upper Puerco|15020006|[-1194117.9682999998, 1425356.7072, -1086716.1896, 1524005.5263]
San Francisco|15040004|[-1239773.7567999996, 1183325.2554000001, -1132313.5488999996, 1301363.6979]
Lake Mead|15010005|[-1681616.0899999999, 1532348.0485999994, -1544712.0447999998, 1661677.6627999994]
Grand Wash|15010006|[-1608773.8719999995, 1607328.8395000007, -1547927.0422999994, 1675589.2223000007]
Lower Lake Powell|14070006|[-1392289.7793000005, 1600485.4318000004, -1292306.4556000005, 1733659.6199000003]
Paria|14070007|[-1425103.9254, 1635637.8830999993, -1370173.9780000001, 1751394.7542999992]
Lower San Juan-Four Corners|14080201|[-1216618.5902999993, 1607731.0198999997, -1121546.6500999993, 1732120.1757999996]
Lower San Juan|14080205|[-1307405.2346, 1617305.3331000004, -1201039.3044, 1709709.5996000003]
Kanab|15010003|[-1500973.0296999998, 1604731.610200001, -1412396.9067999998, 1730582.407100001]
Salt Basin|13050004|[-934141.5184000004, 811462.3814000003, -777731.6967000004, 1128227.2288000004]
Upper Colorado-Kane Springs|14030005|[-1201011.0756, 1726808.6063, -1127149.2513000001, 1863235.3793000001]
Duchesne|14060003|[-1272690.2292, 1963958.8056000005, -1146590.2466, 2070055.2689000005]
Lower Green-Desolation Canyon|14060005|[-1244908.8440000005, 1879631.3106999993, -1149220.3868000004, 1992262.9370999993]
Price|14060007|[-1298246.6359, 1883194.989600001, -1202743.3185, 1992647.532500001]
Lower Green|14060008|[-1247893.9636000004, 1765125.5643000007, -1168458.6619000004, 1894516.5107000007]
San Rafael|14060009|[-1320286.1393999998, 1796698.981899999, -1209529.7512999997, 1960425.194599999]
Upper Lake Powell|14070001|[-1313598.4090999998, 1673366.1427999996, -1196073.4642999999, 1772515.8954999996]
Muddy|14070002|[-1337310.4185000006, 1805056.1031999998, -1253341.7695000006, 1896631.1363999997]
Fremont|14070003|[-1373447.2613999993, 1757871.7305999994, -1264820.8953999993, 1856652.8778999995]
Escalante|14070005|[-1382490.0330999997, 1680093.7392999995, -1296061.6286999998, 1789624.9156999995]
Upper Virgin|15010008|[-1563600.1645999998, 1685308.6645999998, -1435615.4882999999, 1754252.6279999998]
Lower Verde|15060203|[-1450832.5434000008, 1282945.7292, -1375937.5489000008, 1417487.7127999999]
Willow|14060006|[-1180061.852499999, 1876061.7449999992, -1128212.324399999, 1976027.8406999991]
Dirty Devil|14070004|[-1280529.9152000006, 1745030.3509999998, -1222080.7574000007, 1822268.8116999997]
Colorado Headwaters-Plateau|14010005|[-1119081.1027000006, 1841378.1824999992, -959647.5123000006, 1928990.9323999991]
Colorado Headwaters|14010001|[-964905.0117000006, 1884294.7501999997, -811786.9345000007, 1985527.4078999998]
Roaring Fork|14010004|[-977048.8692000005, 1825112.0500000007, -894267.2085000005, 1893950.6490000007]
Upper White|14050005|[-1045301.6984000001, 1916216.1203000005, -942359.9647000001, 1996468.2119000005]
East Fork Sevier|16030002|[-1430652.0386999995, 1719389.6545000002, -1347049.7891999995, 1854949.5629000003]
Middle Sevier|16030003|[-1420367.8548000008, 1809012.8903, -1319654.2935000008, 1936113.2803]
San Pitch|16030004|[-1353004.4967, 1888012.8922000006, -1295322.7846000001, 1968404.6161000007]
Trinity|18010211|[-2288205.7832999993, 2253610.3768000007, -2171208.6949999994, 2353549.6472000005]
Upper Pit|18020002|[-2090354.5315000005, 2257666.464299999, -1986021.7772000006, 2352397.035599999]
Lower Pit|18020003|[-2180225.4715, 2219105.3429000005, -2048799.2825, 2351929.6599000003]
McCloud|18020004|[-2176018.3871999998, 2275867.4070999995, -2114429.7965999995, 2351711.7950999993]
Sacramento Headwaters|18020005|[-2194767.5518999994, 2271696.3221000005, -2146138.0189999994, 2344228.0542000006]
North Fork Feather|18020121|[-2147485.885500001, 2126035.7380999997, -2068045.1077000007, 2227605.4965]
East Branch North Fork Feather|18020122|[-2110497.811899999, 2135519.8160999995, -2024147.6080999991, 2192920.5229999996]
Middle Fork Feather|18020123|[-2145332.558599999, 2094090.148600001, -2020105.265599999, 2154536.077500001]
Big Chico Creek-Sacramento River|18020157|[-2221766.526799999, 2149114.2540000007, -2110059.6894999994, 2214310.8807000006]
Butte Creek|18020158|[-2197108.0802999996, 2096873.2190000005, -2118650.4309999994, 2192046.8432000005]
Red Willow|10250007|[-460385.0954, 1920559.0022999998, -377820.7598, 2018688.6590999998]
Surprise Valley|18080001|[-1992352.4122000001, 2257833.571900001, -1948111.7105, 2360227.039200001]
Honey-Eagle Lakes|18080003|[-2096894.8377999999, 2093239.7500999998, -1980831.9789999998, 2251373.1338]
Lost|18010204|[-2109911.0844, 2320028.136499999, -2000512.0931000002, 2449095.063699999]
Upper Klamath|18010206|[-2221954.8868000004, 2385222.681399999, -2102281.7000000007, 2443319.611199999]
Goose Lake|18020001|[-2024212.8944000006, 2329353.2872, -1966408.3561000007, 2415220.7745000003]
Illinois|17100311|[-2272823.0669, 2425675.5133999996, -2212058.2231, 2511227.1950999997]
Lake Abert|17120006|[-2009008.019200001, 2394120.2972999997, -1936541.278100001, 2483790.9212999996]
Lower Souris|09010003|[-459407.50320000015, 2753390.3433, -314467.2929000001, 3006189.3488]
Deep|09010005|[-441075.2701999992, 2801426.280200001, -344494.85789999925, 2915006.417200001]
Moose Mountain Creek-Souris River|09010008|[-555674.7448999994, 2771664.2117, -367870.44699999935, 3016541.0565]
South Umpqua|17100302|[-2235091.4185000006, 2501703.6285999995, -2111592.8043000004, 2574994.1966999993]
Umpqua|17100303|[-2232174.7993, 2570548.2190000005, -2138771.339, 2654509.4517000006]
Coos|17100304|[-2270159.451199999, 2562861.5538, -2195545.704299999, 2639168.1017]
Coquille|17100305|[-2267189.543400001, 2521312.7805000003, -2206668.038700001, 2592344.2462000004]
Upper Rogue|17100307|[-2168841.8642999995, 2434795.4473, -2092047.5434999994, 2529773.4352]
Escalante Desert|16030006|[-1581621.5790999997, 1741901.2338999994, -1420263.6399999997, 1834646.9989999994]
Piceance-Yellow|14050006|[-1066526.7528000008, 1911270.5897000004, -1003622.7152000008, 1974551.9499000004]
Westwater Canyon|14030001|[-1170931.8654999994, 1829714.5355999991, -1087097.7014999993, 1904564.8237999992]
Mad-Redwood|18010102|[-2342446.3510999996, 2222984.3684, -2259549.0567999994, 2401262.0609]
Butte|18010205|[-2138120.2645999994, 2343132.7336, -2098539.5718999994, 2408796.1014]
Shasta|18010207|[-2181999.9824, 2339046.4541999996, -2129089.2812, 2396878.0449999995]
Scott|18010208|[-2221999.4618999995, 2334136.758199999, -2174871.1448999997, 2401538.2092999993]
Lower Klamath|18010209|[-2293574.758199999, 2334021.6235000007, -2209978.603799999, 2436824.091100001]
Salmon|18010210|[-2251687.5921, 2314306.8648000006, -2207664.943, 2384505.7096000006]
Upper Republican|10250004|[-487148.3792000003, 1884488.8447999991, -349138.0833000003, 1992913.828799999]
Williamson|18010201|[-2097595.1270000003, 2445919.303099999, -2030574.9767000002, 2538326.806699999]
Sprague|18010202|[-2085181.6611000001, 2398718.9810000006, -1992609.7208000002, 2488718.8073000005]
Upper Klamath Lake|18010203|[-2123699.088199999, 2417373.5638999995, -2081944.6284999992, 2502733.5410999996]
Smith|18010101|[-2310771.683700001, 2392510.8259999994, -2244801.8801000006, 2462075.2641999996]
Rio Chama|13020102|[-976560.0526, 1488449.0549999997, -877855.5042000001, 1618239.7302999997]
Rio Puerco|13020204|[-1028081.7811999992, 1310996.3136999998, -962829.0045999992, 1518003.0102]
Caballo|13030101|[-1098248.9888000004, 1149947.0522999996, -1028935.5937000004, 1229273.1869999997]
Pecos Headwaters|13060001|[-879426.6632000003, 1314312.7073, -728410.5252000003, 1480005.4589999998]
Upper Pecos|13060003|[-875641.0095000006, 1199161.0937, -712606.4423000007, 1338657.8711]
Upper Pecos-Black|13060011|[-867437.6368000004, 1020885.4101, -695136.6646000005, 1135641.0923]
Blanco Canyon|14080103|[-1052665.6502999999, 1503566.2218999993, -970297.6491999999, 1585217.9009999994]
Chaco|14080106|[-1158907.9772999994, 1456988.1569999997, -1010953.6083999994, 1599701.9455999997]
Upper Gila|15040001|[-1171099.1259000003, 1166110.8591, -1081784.3328000004, 1256033.3178]
Middle San Juan|14080105|[-1175107.1426, 1562817.8627000004, -1049217.2496, 1669034.1752000004]
Upper San Juan|14080101|[-1085016.3027999997, 1540776.5909000002, -929295.8365999997, 1691250.1542000002]
White|15010011|[-1690199.7423999999, 1733490.1303000003, -1609216.5843999998, 1971965.8111000003]
Meadow Valley Wash|15010013|[-1650545.7808999997, 1673260.8981999997, -1558030.7626999996, 1857849.0971999997]
Dry Lake Valley|16060009|[-1656853.0614999998, 1740136.0440999996, -1574269.5061999997, 1918483.9112999996]
Lower Virgin|15010010|[-1622944.8255000003, 1654300.6766999997, -1536819.2439000004, 1768666.1012999997]
Lower Colorado-Marble Canyon|15010001|[-1433423.8158, 1553762.4916999992, -1370578.4818, 1655620.5637999992]
Lake Washington|17110012|[-1971191.2293999996, 2955384.8674, -1910195.4450999997, 3041179.5220999997]
Puyallup|17110014|[-1986908.4686999992, 2913191.9957, -1913391.8377999992, 2975260.1794]
Skokomish|17110017|[-2058699.9328000005, 2990646.2974999994, -2031861.7397000005, 3033804.9744999995]
Hood Canal|17110018|[-2042874.5409999993, 2995653.6784000006, -1974668.8782999993, 3055470.5210000006]
Puget Sound|17110019|[-2050814.4559000004, 2948626.0067999996, -1944129.7683000003, 3111550.4336999995]
Upper Skagit|17110005|[-1900878.0764000006, 3061797.442399999, -1809114.6688000006, 3167759.7122999993]
Dungeness-Elwha|17110020|[-2059995.2653, 3038494.2413999997, -1982207.9543, 3133270.5169999995]
Harney-Malheur Lakes|17120001|[-1868636.8487, 2422469.6993000004, -1792604.7887, 2540238.8231000006]
Silvies|17120002|[-1867142.5881999992, 2484076.4969999995, -1789114.7979999993, 2590377.2217999995]
Silver|17120004|[-1913019.5307999998, 2443059.0087, -1852077.1108999997, 2563503.9562]
Summer Lake|17120005|[-2041827.2644999996, 2439117.7786, -1894078.0362999996, 2568281.6656]
Nisqually|17110015|[-2020197.4735000003, 2894750.7918, -1946531.4360000002, 2963460.4809]
Lewis|17080002|[-2054486.8769000005, 2806421.9043000005, -1948632.0009000006, 2866985.0605000006]
Upper Cowlitz|17080004|[-1990045.3274000008, 2842091.614499999, -1922657.1116000009, 2916794.124499999]
Lower Cowlitz|17080005|[-2065276.3008999992, 2852898.6558999997, -1979208.211599999, 2913291.2250999995]
Middle Fork Willamette|17090001|[-2129869.8242000006, 2552484.8178000003, -2054208.5306000006, 2643862.1906000003]
Coast Fork Willamette|17090002|[-2153115.8104999997, 2580923.918400001, -2104322.2230999996, 2642342.9432000006]
Upper Willamette|17090003|[-2169157.9799000006, 2628846.2915000003, -2068556.8797000006, 2748143.7487000003]
Mckenzie|17090004|[-2132987.8665999994, 2601024.8792000003, -2026338.6857999994, 2672707.3789000004]
North Santiam|17090005|[-2116214.2020999994, 2663848.3485000003, -2010743.7554999995, 2723174.7574000005]
South Santiam|17090006|[-2109589.3541, 2652320.6312000006, -2037908.7440000002, 2714833.9313000008]
Middle Willamette|17090007|[-2147585.530200001, 2718406.125, -2045786.8038000008, 2789373.5806]
Yamhill|17090008|[-2155757.1383999996, 2746119.9386, -2090237.2928999995, 2800887.6333]
Molalla-Pudding|17090009|[-2098506.217599999, 2716483.9327000007, -2037203.4765999992, 2771986.264000001]
Tualatin|17090010|[-2114293.6273999996, 2774196.0403000005, -2059396.0566999996, 2832173.2130000005]
Clackamas|17090011|[-2056528.1030000001, 2698828.2240999993, -1992502.8191000002, 2783004.0726999994]
Lower Columbia-Sandy|17080001|[-2042388.3366999999, 2737652.2771000005, -1987789.5591999998, 2814731.2271000007]
Lower Willamette|17090012|[-2076491.4436000008, 2776593.1437999997, -2029582.6274000008, 2845719.4058999997]
Applegate|17100309|[-2230552.7677999996, 2416222.254899999, -2169111.2893999997, 2486488.8805999993]
North Umpqua|17100301|[-2186248.804199999, 2509336.5406, -2072230.5905999993, 2586845.3175]
Middle Rogue|17100308|[-2213194.114600001, 2417575.3192, -2144346.2674000007, 2508895.7166999998]
Lower Rogue|17100310|[-2290512.6215000004, 2478797.3203999996, -2177265.5763000003, 2528657.0689999997]
Lower Malheur|17050117|[-1756108.5701000001, 2481899.8575, -1661174.7166000002, 2531406.7317999997]
Alvord Lake|17120009|[-1854168.2411000002, 2311524.3674999997, -1773777.9641000002, 2447685.5944999997]
C.J. Strike Reservoir|17050101|[-1616287.3165000007, 2305989.4181999993, -1534432.3124000006, 2436994.867599999]
Middle Snake-Succor|17050103|[-1701498.7182, 2361183.5396, -1604688.5402, 2499320.9779]
Middle Owyhee|17050107|[-1759336.5724999998, 2305946.9228000008, -1679527.0516, 2412829.551800001]
Jordan|17050108|[-1743237.0406999998, 2359906.1878999993, -1653588.4385999998, 2441777.5080999993]
Middle Snake-Payette|17050115|[-1679165.0853000004, 2497791.2358, -1634669.8859000003, 2544499.9261]
Bruneau|17050102|[-1642185.4644000009, 2207984.323999999, -1553860.768500001, 2385315.550799999]
Upper Owyhee|17050104|[-1703149.7188000008, 2224276.5495999996, -1607052.9228000008, 2373944.6186999995]
Crooked-Rattlesnake|17050109|[-1797732.5851000007, 2335903.4453, -1721062.8607000008, 2424637.945]
Lower Owyhee|17050110|[-1782666.5264999997, 2408173.2009999994, -1671125.3683999996, 2512742.137799999]
Upper Malheur|17050116|[-1811681.1263999995, 2440567.2294999994, -1743198.6963999995, 2585061.745799999]
Bully|17050118|[-1752283.3976000007, 2516319.8500999995, -1683911.4580000008, 2564560.6527999993]
Willow|17050119|[-1748257.7894000001, 2520522.5373, -1673138.5874, 2584472.892]
Burnt|17050202|[-1765932.0024999995, 2558957.4069, -1669588.4897999994, 2624678.5873999996]
Clearwater|17060306|[-1610852.0885000005, 2733394.5623000003, -1496576.2348000004, 2832644.2306000004]
Powder|17050203|[-1745576.7766999993, 2587071.2325999998, -1646040.9559999993, 2664666.093]
Imnaha|17060102|[-1660947.6763000004, 2635116.7073999997, -1593780.6743000003, 2712343.1234]
Wallowa|17060105|[-1686449.5834999997, 2646446.1548999995, -1634375.5862999996, 2722168.5113999993]
Brownlee Reservoir|17050201|[-1694621.7791000009, 2535151.3378999997, -1599489.934900001, 2651501.5254999995]
Lower Snake-Asotin|17060103|[-1654301.3809999991, 2706499.5394, -1595211.6694999991, 2782851.1794000003]
North Fork Payette|17050123|[-1595394.4436000008, 2513011.0657, -1551979.9143000008, 2634301.9582]
Weiser|17050124|[-1656598.8616000004, 2529720.9307000004, -1582339.6981000004, 2630819.6988000004]
Upper Salmon|17060201|[-1516942.9570000004, 2459040.2084, -1416656.5174000005, 2569632.9326]
Middle Salmon-Panther|17060203|[-1451777.9914999995, 2545434.0840000007, -1378426.4874999996, 2656484.135200001]
Lemhi|17060204|[-1403831.0316000003, 2502438.034, -1341408.2343000004, 2605156.0353]
Upper Middle Fork Salmon|17060205|[-1543305.9112999998, 2518965.2546999995, -1453627.9553999999, 2594466.3646999993]
Lower Salmon|17060209|[-1603681.3005, 2628793.0406, -1543743.7014, 2749115.4688]
Little Salmon|17060210|[-1602974.6440999992, 2590524.064099999, -1566701.2060999991, 2666031.508699999]
Hells Canyon|17060101|[-1615373.1775000002, 2635516.4635000005, -1576980.7866000002, 2720475.9455000004]
Bitterroot|17010205|[-1440546.7177000009, 2634653.3343, -1352347.2786000008, 2788367.4712]
Big Hole|10020004|[-1389617.4603000004, 2586040.0166999996, -1269578.1088000003, 2684790.2500999994]
Lower Kootenai|17010104|[-1582625.4951000009, 2992255.4165000003, -1469652.349100001, 3186874.3716]
Colville|17020003|[-1639550.705600001, 2963637.7448999994, -1586240.8353000009, 3045966.7644999996]
Sanpoil|17020004|[-1719552.1290000007, 2975455.6229, -1656533.3712000006, 3063620.6632999997]
Chief Joseph|17020005|[-1792849.1055999994, 2974512.3705, -1691129.7778999994, 3035467.4278]
Methow|17020008|[-1826744.4291999992, 2998913.9968999997, -1754390.4926999991, 3114613.2197]
Lake Chelan|17020009|[-1855593.3852999993, 2983507.9001, -1788491.9784999993, 3079804.8771]
Upper Columbia-Entiat|17020010|[-1841942.1048000008, 2876822.745100001, -1784787.6924000008, 3037777.540800001]
Moses Coulee|17020012|[-1813342.5649999995, 2926557.2509000003, -1732252.6876999994, 2985651.6445000004]
Upper Crab|17020013|[-1750538.0585999992, 2886363.070800001, -1627975.4126999993, 2971245.5498000006]
Banks Lake|17020014|[-1775943.9673999995, 2923940.653999999, -1705929.3270999994, 2992797.0883999993]
Lower Crab|17020015|[-1813840.0879999995, 2858658.5023999996, -1676668.6495999994, 2940820.7983999997]
Upper Columbia-Priest Rapids|17020016|[-1837937.6708000004, 2783338.7039, -1683211.3200000005, 2886575.8187]
Lower Yakima|17030003|[-1921253.0602000002, 2786083.7575000003, -1776885.9733000002, 2874252.1115]
Franklin D. Roosevelt Lake|17020001|[-1717316.0905000009, 2929435.6392, -1559282.4402000008, 3209969.1135]
Kettle|17020002|[-1706849.2643999998, 3041550.8574, -1607495.8531999998, 3206566.1677]
Okanogan|17020006|[-1770484.4656000007, 3008814.4352, -1646399.5150000006, 3272270.1447]
Similkameen|17020007|[-1828100.3136, 3065613.3132000007, -1720514.4222, 3228012.6092000008]
Pend Oreille|17010216|[-1603599.2282999996, 2965291.6340999994, -1537500.1095999996, 3112251.2774999994]
Salmon Falls|17040213|[-1586534.0599000007, 2203187.9935999997, -1491627.7395000006, 2344483.0716]
Upper Snake-Rock|17040212|[-1551925.5275999997, 2268267.5146999992, -1447583.4625999997, 2405204.6551999995]
Upper Grande Ronde|17060104|[-1766331.8301, 2645185.7413, -1673995.0418, 2739292.7607]
Umatilla|17070103|[-1822524.6872000005, 2686670.0077, -1699915.1864000005, 2769662.7117]
Upper John Day|17070201|[-1898474.9771999996, 2551002.037900001, -1763630.3664999995, 2653824.242300001]
North Fork John Day|17070202|[-1852216.8277000003, 2616736.408, -1735666.1083000002, 2693333.5278999996]
Middle Fork John Day|17070203|[-1824326.9375999998, 2592855.0206000004, -1750991.285, 2663986.9689]
Beaver-South Fork|17070303|[-1957252.7919999994, 2517089.687000001, -1859455.2078999993, 2610767.3576000007]
Lower Deschutes|17070306|[-2015151.9177, 2641788.842, -1913548.6862, 2770556.2968]
Middle Columbia-Lake Wallula|17070101|[-1903156.3176000006, 2724618.6279000007, -1729586.5725000007, 2809107.096300001]
Walla Walla|17070102|[-1760843.955, 2730488.3541, -1659797.9192000001, 2815309.9364]
Klickitat|17070106|[-1953619.9157999996, 2774395.8507000003, -1887033.2281999995, 2871771.4697000002]
Nehalem|17100202|[-2147968.2600999996, 2825359.9241000004, -2071545.4754999997, 2871649.6280000005]
Siletz-Yaquina|17100204|[-2197380.4067, 2705284.9581000004, -2143189.1017, 2774919.0787000004]
Upper Quinn|16040201|[-1866206.6831999999, 2191981.4464, -1741348.4526, 2356484.9044999997]
Alsea|17100205|[-2221101.272399999, 2666819.3992999997, -2151325.227999999, 2729055.2461999995]
Siuslaw|17100206|[-2216348.138800001, 2617189.4524000008, -2142745.276300001, 2684402.4591000006]
Hoh-Quillayute|17100101|[-2134934.7685000002, 3052615.4365999997, -2050327.2755000002, 3145887.752]
Lower Columbia-Clatskanie|17080003|[-2097402.3267, 2792872.5623000003, -2000326.9957, 2901292.8835000005]
Skykomish|17110009|[-1939837.3451000005, 2981368.7698, -1869491.5219000005, 3047119.3899]
Sumas River|17110001|[-1931796.8787999991, 3122440.4070999995, -1848967.9410999992, 3167542.8207999994]
Queets-Quinault|17100102|[-2129669.3290999997, 2976786.1939000003, -2036984.7900999996, 3065837.5434000003]
Nooksack|17110004|[-1961214.3005, 3103878.5373, -1872208.4198999999, 3168278.6829]
Sauk|17110006|[-1904882.8355, 3024589.1174999997, -1847946.5176000001, 3087458.7411999996]
Lower Skagit|17110007|[-1960026.7967000008, 3078310.6828000005, -1894340.9396000009, 3109754.5824000007]
Stillaguamish|17110008|[-1954661.582800001, 3032681.169500001, -1888954.072800001, 3090874.1973000006]
Snoqualmie|17110010|[-1944057.1806000005, 2964409.1493999995, -1889042.2533000004, 3025745.2366999993]
Snohomish|17110011|[-1950933.4055000003, 3020562.9778000005, -1908027.7140000004, 3065519.1851000004]
Knife|10130201|[-549107.5774000008, 2662017.2579999994, -407966.2008000008, 2738723.3736999994]
Upper Heart|10130202|[-562395.5393000003, 2627927.9266, -445916.7795000003, 2709155.0020999997]
Upper Crooked|17070304|[-1964520.3553, 2557025.2929, -1875516.7481, 2631570.2819]
Lower Crooked|17070305|[-2001553.4255, 2541568.161800001, -1909426.3447999998, 2662953.784900001]
Yellowstone Headwaters|10070001|[-1170283.5924999993, 2409482.1328999996, -1089310.4177999992, 2559194.8384]
Upper Sappa|10250010|[-504419.4252000004, 1813357.4814999998, -387036.5903000004, 1880419.7750999997]
Snake Headwaters|17040101|[-1186899.6468000002, 2376100.0911999997, -1102163.4074000001, 2478830.9580999995]
Lower Grande Ronde|17060106|[-1690562.5769999996, 2675714.5408999994, -1609966.5522999996, 2764236.2698999993]
Middle Columbia-Hood|17070105|[-2005703.3695999999, 2737090.729699999, -1898924.3255999999, 2843459.057299999]
Upper Carson|16050201|[-2045672.2580999993, 1955611.1545000002, -1992476.3882999993, 2054926.4553000003]
Lower Heart|10130203|[-473312.3668000009, 2606576.4878000002, -370748.2833000009, 2688048.2100000004]
Upper Cannonball|10130204|[-566048.4649999999, 2578914.3806999996, -409826.42579999985, 2653477.5947]
Lower Cannonball|10130206|[-429490.8300999999, 2564181.2902000006, -353665.2843999999, 2638070.491000001]
Cedar|10130205|[-568842.1287999991, 2552319.8949999996, -403739.00699999917, 2632046.2231999994]
Bad|10140102|[-503688.50349999964, 2321530.0568000004, -341348.76339999965, 2401155.5879]
Middle White|10140202|[-509504.15850000083, 2256716.3015, -373833.8371000008, 2335192.4761]
