Cimarron Headwaters|11040001|[-11597634.6178, 4394653.399899997, -11453662.2796, 4479359.515699997]
Conejos|13010005|[-11878636.3058, 4406639.795699999, -11770484.6664, 4492485.7782999985]
Animas|14080104|[-12047190.3099, 4399162.715499997, -11968646.4534, 4574066.1856999975]
Middle Canadian-Trujillo|11090101|[-11520337.9669, 4154189.6296999976, -11402322.2769, 4290171.668599998]
Carrizo|11090104|[-11598065.678, 4302216.758599997, -11419883.824, 4400219.031599997]
Palo Duro|11120102|[-11493950.6886, 4142813.201200001, -11343756.446, 4203105.574500001]
Las Vegas Wash|15010015|[-12880345.204300001, 4276828.570799999, -12785207.843600001, 4406204.607699999]
Pilot-Thousand Springs, Nevada, Utah|16020307|[-12802847.1393, 5013822.613899998, -12683076.431, 5138654.899599998]
Upper Humboldt|16040101|[-12950267.720800001, 4951310.061700001, -12770042.976400001, 5128866.671900001]
South Fork Humboldt|16040103|[-12915841.2658, 4849733.5779, -12844992.9934, 4995617.9779]
Middle Humboldt|16040105|[-13090612.096099999, 4825694.759599999, -12933960.986699998, 5063419.2420999985]
Rock|16040106|[-13009193.5999, 4966974.513700001, -12945033.0444, 5076042.146900001]
Reese|16040107|[-13087166.8002, 4684624.8495000005, -13006650.4005, 4982791.6085]
Lower Humboldt|16040108|[-13244974.997200001, 4828298.226400003, -13060083.5361, 5038426.056500003]
Little Humboldt|16040109|[-13111065.030000001, 5013950.904700004, -12981898.0916, 5140927.002200004]
Lower Quinn|16040202|[-13294033.600200001, 4941494.867600001, -13165936.3967, 5148525.305900001]
Pyramid-Winnemucca Lakes|16050103|[-13342082.2106, 4811955.4196000025, -13265550.6454, 4928501.0402000025]
Granite Springs Valley|16050104|[-13287994.9089, 4791279.0383, -13195573.2689, 4962059.9237]
Middle Carson|16050202|[-13327464.3618, 4725731.310900003, -13240861.0341, 4796726.522000003]
Carson Desert|16050203|[-13267153.157499999, 4740112.355899997, -13139864.171999998, 4907317.033699997]
Walker|16050303|[-13280475.6466, 4690410.433700003, -13182881.625500001, 4755544.177200003]
Walker Lake|16050304|[-13230490.3693, 4594530.995700002, -13169445.616700001, 4700130.444600002]
Sidney Draw|10190017|[-11589226.1747, 4987301.394699998, -11466644.8271, 5043265.232499998]
Lower South Platte|10190018|[-11426815.0855, 4994250.002599999, -11207316.416, 5052089.1608]
Stinking Water|10250006|[-11434679.4251, 4918941.188100003, -11254897.983900001, 5015756.058400002]
Middle Niobrara|10150004|[-11374904.203, 5205415.411399998, -11018569.2839, 5334003.754499998]
Niobrara Headwaters|10150002|[-11654815.445700001, 5190997.287799999, -11473767.094400002, 5291185.327999999]
Middle North Platte-Scotts Bluff|10180009|[-11667641.9622, 5041009.380099997, -11367867.4046, 5258817.638099997]
Canadian Headwaters|11080001|[-11714995.321, 4345327.664499998, -11592654.534, 4449215.057799998]
Cimarron|11080002|[-11730569.6378, 4336974.562899999, -11632786.323900001, 4418080.1669]
Upper Canadian|11080003|[-11711943.6717, 4218137.443400003, -11592167.6601, 4372985.237300003]
Mora|11080004|[-11750614.6237, 4242285.998599999, -11620030.8729, 4350446.847999998]
Conchas|11080005|[-11690013.0238, 4159545.902599998, -11597260.7217, 4256666.453999998]
Upper Canadian-Ute Reservoir|11080006|[-11625836.0206, 4153832.734099999, -11466733.9208, 4292441.012799999]
Ute|11080007|[-11606370.7072, 4212220.476400003, -11509983.2439, 4381888.848100003]
Revuelto|11080008|[-11585741.5686, 4138197.8730999976, -11498929.6453, 4213619.758499998]
Upper Rio Grande|13020101|[-11849852.8334, 4261239.114, -11710833.7673, 4466075.5876]
Rio Grande-Santa Fe|13020201|[-11870378.7344, 4179210.7497999966, -11758104.692400001, 4285172.223899997]
Jemez|13020202|[-11918222.4155, 4212219.882700004, -11843273.9352, 4317973.226800004]
Rio Grande-Albuquerque|13020203|[-11933429.3682, 3982804.1772999987, -11823190.3301, 4221101.712399999]
Arroyo Chico|13020205|[-12019331.6694, 4198034.7048999965, -11911769.814199999, 4310321.437399996]
North Plains|13020206|[-12068639.758299999, 4072421.9294999987, -11994487.208899999, 4184303.4871999985]
Rio San Jose|13020207|[-12066351.5703, 4104142.277400002, -11914099.1776, 4246056.1241000015]
Plains of San Agustin|13020208|[-12080224.281399999, 3969283.262599997, -11956180.228799999, 4074434.223199997]
Rio Salado|13020209|[-12026554.9886, 4030960.5073999986, -11895258.386300001, 4126949.3813999984]
Jornada Del Muerto|13020210|[-11896437.6581, 3925392.5383, -11816472.2394, 4078923.418]
Elephant Butte Reservoir|13020211|[-12003592.760499999, 3905288.865000002, -11880371.1682, 4036871.1826000023]
Western Estancia|13050001|[-11849719.8085, 4057345.1492, -11757637.441499999, 4202819.2578]
Eastern Estancia|13050002|[-11771845.3022, 4056383.8674999997, -11725906.648, 4143482.3394]
Pintada Arroyo|13060002|[-11767652.8459, 4113525.221000001, -11648840.508399999, 4185602.624500001]
Taiban|13060004|[-11596747.6784, 4060931.6295000017, -11532576.3692, 4151658.9754000017]
Arroyo Del Macho|13060005|[-11767033.2973, 3961914.770199999, -11617718.2897, 4049582.639299999]
Gallo Arroyo|13060006|[-11774323.9159, 4008536.3401999995, -11662308.3456, 4073726.6040999996]
Upper Pecos-Long Arroyo|13060007|[-11716126.684, 3859574.2864999995, -11536029.6132, 4025013.9725999995]
Rio Hondo|13060008|[-11783193.4569, 3916083.7032999992, -11621677.0889, 3981976.3802999994]
Rio Felix|13060009|[-11759435.046500001, 3884652.295900002, -11611715.369500002, 3934106.851300002]
Rio Penasco|13060010|[-11778548.0836, 3849124.449199997, -11613475.837199999, 3918185.510399997]
Carrizo Wash|15020003|[-12184765.8772, 4027883.1176000014, -12026510.2411, 4126588.107300001]
Zuni|15020004|[-12209505.0317, 4109014.769699998, -12031088.5011, 4218502.439899998]
Dixie Valley|16060001|[-13181360.5191, 4726126.271200001, -13036598.020499999, 4978522.411600001]
Gabbs Valley|16060002|[-13231423.0703, 4647268.344300002, -13065408.950199999, 4813116.959500002]
Southern Big Smoky Valley|16060003|[-13123538.7692, 4553500.288699999, -13028422.908400001, 4727600.244499999]
Northern Big Smoky Valley|16060004|[-13063980.6019, 4662964.441699997, -12964309.7611, 4889497.230899997]
Diamond-Monitor Valleys|16060005|[-13021978.1618, 4649826.909699999, -12890221.030800002, 4901066.036599998]
Little Smoky-Newark Valleys|16060006|[-12943453.4349, 4686877.968000002, -12850112.056300001, 4860932.288300002]
Long-Ruby Valleys|16060007|[-12872982.197999999, 4732326.573899999, -12751703.4191, 5049259.137099999]
Spring-Steptoe Valleys|16060008|[-12814231.1625, 4635877.780500002, -12706797.791, 5041274.966400002]
Ralston-Stone Cabin Valleys|16060011|[-13125927.7522, 4503429.4318, -12954963.7668, 4674902.2021]
Hot Creek-Railroad Valleys|16060012|[-12979495.8132, 4533127.513099998, -12833175.694300001, 4758976.040799999]
Cactus-Sarcobatus Flats|16060013|[-13089739.969999999, 4428367.347499996, -12921223.605099998, 4558404.9104999965]
Sand Spring-Tikaboo Valleys|16060014|[-12941516.568799999, 4345411.739100002, -12810961.04, 4626031.608500002]
Smoke Creek Desert|16040203|[-13385615.290199999, 4892060.7698, -13269775.946099998, 5108488.7805]
Massacre Lake|16040204|[-13373435.2372, 4990879.072700001, -13297743.9771, 5156396.179800001]
Fish Lake-Soda Spring Valleys|16060010|[-13216619.218899999, 4489675.822499998, -13087362.168399999, 4673012.234699998]
Thousand-Virgin|16040205|[-13287157.425099999, 5087917.417099997, -13208938.777499998, 5205356.655799997]
Hamlin-Snake Valleys|16020301|[-12733654.3422, 4571965.193000004, -12633962.421, 4837552.8554000035]
Angostura Reservoir|10120106|[-11637144.9743, 5304538.537900001, -11485266.872200001, 5434874.383200001]
Middle Cheyenne-Spring|10120109|[-11554849.374, 5348891.119599998, -11415177.9957, 5471070.771899998]
Rapid|10120110|[-11576639.9043, 5443335.2324, -11424532.8411, 5504574.8257]
Middle Cheyenne-Elk|10120111|[-11553699.6927, 5424133.543499999, -11376824.489500001, 5533054.808199999]
Lower Cheyenne|10120112|[-11405900.4233, 5482977.431900002, -11270258.5739, 5617379.577400002]
Cherry|10120113|[-11506552.2893, 5553843.2299000025, -11297631.7714, 5628267.263400002]
Lower Belle Fourche|10120202|[-11648272.882, 5503712.643399999, -11388259.5, 5650425.677899999]
Detrital Wash|15010014|[-12759480.4155, 4197721.103699997, -12708838.8288, 4307895.079699997]
Little Colorado Headwaters|15020001|[-12198864.0651, 4012118.930399999, -12128086.5111, 4080496.737599999]
Silver|15020005|[-12297443.5035, 4041971.815399997, -12213082.2832, 4128371.650699997]
Leroux Wash|15020009|[-12272163.544, 4150033.7092000023, -12156488.992999999, 4258443.818200002]
Chevelon Canyon|15020010|[-12356429.679, 4065739.9054000005, -12293592.8503, 4156467.1088000005]
Corn-Oraibi|15020012|[-12351337.5515, 4216558.2727999985, -12226516.519, 4367016.145499999]
Jadito Wash|15020014|[-12338833.4043, 4192032.177199997, -12235438.8111, 4289878.804499997]
Canyon Diablo|15020015|[-12443918.5191, 4129872.9778999984, -12353138.024799999, 4218663.266499998]
Burro|15030202|[-12643377.0735, 4084082.385300003, -12571553.4692, 4159094.145800003]
Santa Maria|15030203|[-12637276.4584, 4049556.6807999983, -12529031.415, 4140548.7596999984]
Bill Williams|15030204|[-12705642.0948, 4033311.766099997, -12584763.497599998, 4128535.792899997]
San Carlos|15040007|[-12334286.8171, 3919789.7488999963, -12223772.1587, 3988222.6295999964]
Black|15060101|[-12280954.5548, 3943090.1064999998, -12152942.4877, 4027691.6374]
White|15060102|[-12270256.872200001, 3987512.8210999966, -12190953.188800002, 4049046.9605999966]
Upper Salt|15060103|[-12375336.6821, 3931136.5719000027, -12265563.0263, 4074503.6057000025]
Carrizo|15060104|[-12320051.853799999, 3999833.050300002, -12225535.292399999, 4070069.469100002]
Tonto|15060105|[-12412188.311900001, 3983096.1391000003, -12336685.601000002, 4083314.2669]
Centennial Wash|15070104|[-12659035.6133, 3917607.8209000006, -12553145.306699999, 4058004.8903000006]
Upper Prairie Dog Town Fork Red|11120103|[-11364804.8035, 4091334.143100001, -11215624.4162, 4194556.714200001]
Tule|11120104|[-11418815.9918, 4067433.0648000017, -11269039.7407, 4138759.8596000015]
Upper Salt Fork Red|11120201|[-11286773.5169, 4138526.7990000024, -11194099.9729, 4195641.086300002]
Upper North Fork Red|11120301|[-11332687.2511, 4186085.2449999973, -11191182.767, 4245585.793899997]
North Pease|11130103|[-11309735.3866, 4037300.7915999964, -11145236.947800001, 4100503.4633999965]
Middle Pease|11130104|[-11290251.724, 3984062.554200001, -11144187.025, 4061664.951700001]
Lower Lake Oahe|10130105|[-11294168.6378, 5528954.054899998, -11080623.474200001, 5705594.272599998]
South Fork Grand|10130302|[-11560756.6872, 5682455.299000002, -11369645.612, 5763420.319200003]
Grand|10130303|[-11458563.9685, 5682579.735299997, -11212486.7447, 5804236.379999997]
South Fork Moreau|10130304|[-11577709.131, 5612499.366800003, -11435550.172899999, 5681554.8154000025]
Upper Moreau|10130305|[-11546261.1382, 5618110.833999999, -11371090.8775, 5712688.428199999]
Lower Moreau|10130306|[-11454423.9527, 5609798.666599996, -11186460.3655, 5715762.589799996]
Middle Little Missouri|10110203|[-11600709.3868, 5813057.450300001, -11487431.431400001, 5996318.018100001]
Hat|10120108|[-11608879.3844, 5263881.437299997, -11516201.7412, 5352204.207799996]
Snake|10150005|[-11393572.9358, 5213493.354999997, -11216797.821099998, 5278479.8150999965]
Pumpkin|10180013|[-11592167.7779, 5064526.687299997, -11467165.407599999, 5126307.466499996]
Lower North Platte|10180014|[-11411987.0995, 5028902.471199997, -11207161.913, 5122227.443599997]
Upper Middle Loup|10210001|[-11389700.3448, 5133358.0524, -11139802.332999999, 5215916.370200001]
Dismal|10210002|[-11381533.2484, 5092378.074500002, -11139859.510400001, 5156743.293100002]
Upper North Loup|10210006|[-11350874.0831, 5118463.498899996, -11062891.449900001, 5240096.214799996]
Middle Beaver|11100102|[-11316732.6525, 4367928.564999998, -11189317.0437, 4444847.100399998]
Upper Cimarron|11040002|[-11469452.1079, 4399025.934699997, -11254853.168599999, 4506492.161199997]
Upper Beaver|11100101|[-11567086.8992, 4354354.356700003, -11295372.6564, 4433936.258400003]
San Pablo Bay|18050002|[-13665221.8509, 4543123.5101, -13594736.4479, 4673995.64]
Tomales-Drake Bays|18050005|[-13711331.087299999, 4529155.0603, -13635211.626999998, 4631589.3589]
San Francisco Coastal South|18050006|[-13646443.888799999, 4424967.658, -13587956.1087, 4553360.005299999]
Pajaro|18060002|[-13564644.484299999, 4337485.828299999, -13423158.583999999, 4471436.2277999995]
North Fork Double Mountain Fork Brazos|12050003|[-11381767.0197, 3906495.007100001, -11240456.4949, 4031964.728500001]
Double Mountain Fork Brazos|12050004|[-11428609.4794, 3856284.310999997, -11120981.0277, 3985814.449199997]
White|12050006|[-11402518.2571, 3927360.2183, -11235767.217799999, 4074039.9934]
Salt Fork Brazos|12050007|[-11313257.0051, 3897537.318400003, -11132083.1246, 4025493.842600003]
Lake Meredith|11090105|[-11417907.6739, 4186657.978600003, -11303764.1345, 4284806.948700002]
Middle Canadian-Spring|11090106|[-11312518.1513, 4212348.595399998, -11130889.826, 4318038.498199998]
Coldwater|11100103|[-11467805.6137, 4302793.434100002, -11258169.757100001, 4394197.410700002]
Palo Duro|11100104|[-11409641.0374, 4274857.9815, -11232067.0263, 4391839.309599999]
Chinle|14080204|[-12310471.694600001, 4264351.645999998, -12117449.752, 4468845.917399998]
Piute Wash|15030102|[-12838008.7303, 4133710.6515000015, -12760980.209, 4243163.232600002]
Lake Tahoe|16050101|[-13386443.002, 4679375.869599998, -13344651.2128, 4768350.161799998]
Upper Eel|18010103|[-13750373.8376, 4756197.448600002, -13655340.3857, 4824730.545000002]
Middle Fork Eel|18010104|[-13732204.8454, 4792885.993500002, -13665318.9049, 4887643.5375000015]
Lower Eel|18010105|[-13842516.3947, 4815046.6866, -13705260.0198, 4972054.154499999]
South Fork Eel|18010106|[-13812839.2751, 4808382.4485, -13739668.6195, 4922048.9859]
Mattole|18010107|[-13863188.1229, 4855499.3983, -13791688.9297, 4965093.8242]
Big-Navarro-Garcia|18010108|[-13807550.004999999, 4682093.186300002, -13713348.1233, 4860860.744100002]
Gualala-Salmon|18010109|[-13757296.2229, 4615492.0200999975, -13680944.345099999, 4706095.2256999975]
Russian|18010110|[-13735453.3037, 4621717.5119, -13639921.8882, 4779005.4784]
South Fork Trinity|18010212|[-13770692.6053, 4885133.406300001, -13687389.7233, 4998748.9690000005]
Sacramento-Stone Corral|18020104|[-13638008.2622, 4677743.503399998, -13538035.1902, 4833291.365199998]
Lower American|18020111|[-13526980.4625, 4658542.305799998, -13478888.746000001, 4704255.241999999]
Upper Stony|18020115|[-13687876.8312, 4750683.775600001, -13577673.7231, 4846280.944800002]
Upper Cache|18020116|[-13703160.7059, 4670174.9199, -13544619.7403, 4767711.8395]
Upper Yuba|18020125|[-13536182.354899999, 4739938.521499999, -13393478.244399998, 4833583.781699999]
Upper Bear|18020126|[-13534359.2284, 4712452.4947, -13430786.4363, 4768135.828299999]
North Fork American|18020128|[-13488862.546, 4679257.636399999, -13374039.8198, 4767781.345799999]
South Fork American|18020129|[-13486190.590599999, 4666608.735600002, -13356440.030299999, 4716748.283200002]
Cow Creek|18020151|[-13610938.7106, 4933620.774700001, -13540852.1487, 4983835.716200001]
Cottonwood Creek|18020152|[-13699978.6735, 4871191.535599999, -13603201.1644, 4951964.509499999]
Battle Creek|18020153|[-13602564.9827, 4910005.761799999, -13525873.388799999, 4959460.546099999]
Clear Creek-Sacramento River|18020154|[-13664734.1912, 4917289.098399997, -13548423.551099999, 5013112.385899996]
Paynes Creek-Sacramento River|18020155|[-13663198.0913, 4870639.828699999, -13543014.800999999, 4922722.126799999]
Thomes Creek-Sacramento River|18020156|[-13687444.889, 4837469.375299998, -13522288.949000001, 4936854.278299998]
Honcut Headwaters-Lower Feather|18020159|[-13573059.4093, 4690993.615599997, -13501009.6457, 4810981.640399997]
Upper Coon-Upper Auburn|18020161|[-13540928.657, 4664007.6598000005, -13469729.1873, 4723227.9652]
Upper Putah|18020162|[-13664275.9714, 4635339.518100001, -13535228.4246, 4710279.468900001]
Lower Sacramento|18020163|[-13599761.1078, 4583028.671400003, -13487189.646399999, 4693377.480000003]
Upper Kern|18030001|[-13207477.482900001, 4250841.401600003, -13159019.8538, 4397483.155200004]
South Fork Kern|18030002|[-13187030.341699999, 4220815.935699999, -13133566.6561, 4361013.249799999]
Colorado Headwaters|12080002|[-11390623.4608, 3786915.157899998, -11186201.0364, 3924669.250099998]
Johnson Draw|12080005|[-11461558.1478, 3716546.036799997, -11307827.518000001, 3816382.298799997]
Beals|12080007|[-11309846.1245, 3758662.2771999985, -11227109.494800001, 3815626.9714999986]
North Concho|12090104|[-11311831.548, 3687388.1459000036, -11178134.5795, 3782744.2326000035]
North Fork Grand|10130301|[-11548524.4586, 5740334.763999999, -11380492.1138, 5821183.9953999985]
Little White|10140203|[-11387135.987, 5299882.171400003, -11195379.9742, 5423448.028600004]
Beaver|10120107|[-11664238.7468, 5376456.634900004, -11548545.8386, 5494989.420000004]
Redwater|10120203|[-11627652.0408, 5482881.486400001, -11537880.4529, 5575507.062100001]
Middle Kern-Upper Tehachapi-Grapevine|18030003|[-13327846.2072, 4133369.4592000023, -13162011.7931, 4253082.443500002]
Upper Poso|18030004|[-13316716.6603, 4228395.557700001, -13196752.5197, 4277759.832400001]
Upper Deer-Upper White|18030005|[-13316709.476300001, 4244291.669200003, -13198760.139300002, 4306775.485000003]
Upper Tule|18030006|[-13338872.0828, 4294273.338299997, -13194471.8054, 4354087.257199997]
Upper Kaweah|18030007|[-13322723.455400001, 4306010.150600001, -13194656.318400001, 4403874.272900001]
Upper Dry|18030009|[-13432927.9957, 4322367.182599999, -13287942.1889, 4448189.077099999]
Upper King|18030010|[-13294073.748399999, 4382521.126500003, -13172879.853699999, 4468314.737300003]
Tulare Lake Bed|18030012|[-13434399.9649, 4195277.303000003, -13241369.7365, 4427066.707400003]
Middle San Joaquin-Lower Chowchilla|18040001|[-13509808.933400001, 4389488.680699997, -13297285.249100002, 4520746.459799997]
Lower San Joaquin River|18040002|[-13523697.4584, 4460045.114, -13416409.1928, 4532155.1079]
San Joaquin Delta|18040003|[-13573943.8564, 4509212.229199998, -13451618.5137, 4610079.910099998]
Upper San Joaquin|18040006|[-13328912.0691, 4436785.311700001, -13208547.3206, 4542660.7261000015]
Fresno River|18040007|[-13420385.4305, 4433915.9375, -13309099.7774, 4507297.8365]
Upper Merced|18040008|[-13466950.146200001, 4486519.372299999, -13275691.5895, 4565698.855999999]
Upper Tuolumne|18040009|[-13489114.689, 4519268.579800002, -13269204.060099998, 4611902.228400002]
Upper Stanislaus|18040010|[-13496479.706500001, 4524951.353100002, -13314329.549500002, 4653005.746500002]
Upper Calaveras California|18040011|[-13510675.194400001, 4573694.043399997, -13386273.634000001, 4629701.788799997]
Upper Mokelumne|18040012|[-13536638.8798, 4589223.321500003, -13331356.8379, 4673874.249200003]
Upper Cosumnes|18040013|[-13518782.1348, 4611609.275799997, -13383743.339, 4686966.620899997]
Panoche-San Luis Reservoir|18040014|[-13473219.388, 4351222.649099998, -13415419.8811, 4404150.089799998]
Rock Creek-French Camp Slough|18040051|[-13505140.9135, 4545285.551399998, -13426051.9945, 4590648.655099998]
Rita Blanca|11090103|[-11536209.1525, 4254211.062700003, -11392782.5922, 4378580.993100003]
Tierra Blanca|11120101|[-11549269.5944, 4104858.5693000033, -11335483.7613, 4167500.1738000032]
Yellow House Draw|12050001|[-11562815.9368, 3972036.0650999993, -11336010.7107, 4105218.1406999994]
Blackwater Draw|12050002|[-11534133.8064, 3974237.5709000006, -11333000.6262, 4105561.393700001]
Running Water Draw|12050005|[-11539531.3769, 4025253.3018999994, -11293693.1208, 4121694.553099999]
Lost Draw|12080001|[-11543017.8574, 3891510.316399999, -11356068.6942, 4004886.720999999]
Monument-Seminole Draws|12080003|[-11562056.4494, 3818240.668899998, -11384693.9108, 3939822.496599998]
Mustang Draw|12080004|[-11559177.1904, 3740697.931400001, -11287601.9591, 3969209.152300001]
Sulphur Springs Draw|12080006|[-11532150.7444, 3774028.9417999983, -11300518.5756, 3970862.414199998]
Panamint Valley|18090204|[-13108337.8662, 4215288.5154, -13007393.8247, 4380783.1015]
Indian Wells-Searles Valleys|18090205|[-13151811.5092, 4208219.251500003, -13040507.328, 4329367.615100003]
Antelope-Fremont Valleys|18090206|[-13227017.5997, 4073935.8288000003, -13083557.069600001, 4231520.9219]
Coyote-Cuddeback Lakes|18090207|[-13099984.5213, 4139024.8065000027, -12974286.3206, 4237742.049800003]
Mojave|18090208|[-13103674.317699999, 4054630.3329000026, -12844130.123699998, 4227585.660600003]
Truckee|16050102|[-13410095.2485, 4742315.887999997, -13275580.5247, 4826449.262399997]
East Walker|16050301|[-13304333.4137, 4583686.849699996, -13211860.269399999, 4706712.007799996]
West Walker|16050302|[-13319543.7787, 4598791.886699997, -13257387.0177, 4733326.799299997]
Ivanpah-Pahrump Valleys|16060015|[-12941810.163800001, 4191995.2497000024, -12773490.6654, 4365667.208700002]
Upper Amargosa|18090202|[-13032323.7235, 4263604.053199999, -12899264.2281, 4485923.997099999]
North Platte Headwaters|10180001|[-11878487.2892, 4913023.427699998, -11783357.9003, 5007446.861699998]
South Platte Headwaters|10190001|[-11823271.530000001, 4686350.4001, -11705987.2059, 4792812.9917]
Upper South Platte|10190002|[-11785187.7958, 4706386.711099997, -11667270.100300001, 4831702.335499997]
Middle South Platte-Cherry Creek|10190003|[-11719112.4373, 4726298.722900003, -11559345.101, 4959778.5544000035]
Clear|10190004|[-11791739.8914, 4806706.961199999, -11682878.1917, 4850499.441699998]
St. Vrain|10190005|[-11766541.1821, 4843773.769199997, -11673970.8216, 4909516.536199997]
Big Thompson|10190006|[-11777972.2477, 4898997.425399996, -11661890.1206, 4957772.772499996]
Lone Tree-Owl|10190008|[-11733031.0993, 4927396.890500002, -11637916.031100001, 5034181.207500001]
Kiowa|10190010|[-11652364.697900001, 4725325.514600001, -11583167.0657, 4915132.505200001]
Bijou|10190011|[-11637556.5045, 4732386.0942, -11561646.8706, 4907744.7242]
Middle South Platte-Sterling|10190012|[-11601957.7844, 4810676.456200004, -11397288.711199999, 5023473.969900004]
Beaver|10190013|[-11565747.6494, 4771758.510300003, -11499383.7295, 4916092.200500003]
Pawnee|10190014|[-11598357.7129, 4944254.2326000035, -11492128.4198, 5001705.615200004]
Arikaree|10250001|[-11554082.6937, 4756075.254100002, -11345742.9736, 4875266.352400002]
North Fork Republican|10250002|[-11504897.1583, 4817939.383100003, -11300891.444899999, 4943570.980100003]
Arkansas Headwaters|11020001|[-11866631.9618, 4563863.0788, -11707772.549, 4776718.6874]
Upper Arkansas|11020002|[-11750366.805399999, 4559816.425800003, -11620117.8118, 4707547.495300003]
Fountain|11020003|[-11702564.1984, 4615277.173600003, -11635325.9865, 4741545.831400003]
Chico|11020004|[-11651724.8244, 4613705.626900002, -11602505.3583, 4733953.019500002]
Upper Arkansas-Lake Meredith|11020005|[-11625593.3451, 4504217.105499998, -11500957.9327, 4688706.1154999975]
Huerfano|11020006|[-11744340.704, 4479491.919399999, -11604573.3155, 4612259.964499999]
Apishapa|11020007|[-11692123.068799999, 4475269.372599997, -11570287.3097, 4597557.211199997]
Horse|11020008|[-11613363.8103, 4584362.1193, -11502235.6901, 4729943.1922]
Big Sandy|11020011|[-11628630.8192, 4595238.066, -11388804.9295, 4775452.804699999]
Rush|11020012|[-11595607.5171, 4631424.697700001, -11413027.227100002, 4752378.988000002]
Sand Arroyo|11040004|[-11484564.6976, 4461652.0405, -11297523.7203, 4512868.1728]
Rio Grande Headwaters|13010001|[-11973452.850200001, 4496048.982900001, -11840523.106900001, 4575873.726000001]
Alamosa-Trinchera|13010002|[-11877955.2599, 4419791.496299997, -11702978.4652, 4536207.313699997]
San Luis|13010003|[-11838405.851, 4502810.695600003, -11736247.954, 4644353.629500003]
Saguache|13010004|[-11896885.5781, 4535961.6109, -11784434.8854, 4629385.4234]
Blue|14010002|[-11852321.1618, 4772998.2080999985, -11774920.595900001, 4872223.118899998]
Eagle|14010003|[-11917746.3005, 4765479.376100004, -11819466.0878, 4841961.656000004]
East-Taylor|14020001|[-11924609.7784, 4665611.152599998, -11835550.6263, 4729688.218699998]
Upper Gunnison|14020002|[-12008339.0952, 4556057.787799999, -11882129.2825, 4698580.500099999]
Tomichi|14020003|[-11909067.1129, 4571196.609700002, -11826271.3353, 4678852.761800001]
North Fork Gunnison|14020004|[-12004377.2738, 4678748.061499998, -11920212.9537, 4758651.813699998]
Lower Gunnison|14020005|[-12109049.8793, 4623933.361500002, -11995331.6967, 4733147.925300002]
Uncompahgre|14020006|[-12044539.6025, 4564223.5057, -11968061.222499998, 4686854.7036999995]
Upper Dolores|14030002|[-12163225.6593, 4495696.150200002, -12007018.9051, 4645579.181400002]
San Miguel|14030003|[-12112301.428399999, 4547464.277500004, -11992755.966599999, 4652173.126200004]
Upper Yampa|14050001|[-11989798.1094, 4861636.3719, -11865499.2991, 4998633.3235]
Lower Yampa|14050002|[-12138424.5944, 4881929.328699999, -11969922.3494, 4978622.1329999985]
Pine Valley|16020302|[-12688632.0275, 4598239.569700003, -12639030.5493, 4690606.475700003]
Rush-Tooele Valleys|16020304|[-12541537.366999999, 4848592.552599996, -12483848.931499999, 5002443.397499996]
Skull Valley|16020305|[-12581182.5494, 4874024.153099999, -12528137.749, 4995243.252399999]
Great Salt Lake|16020310|[-12587199.1393, 4963175.4956, -12457706.5019, 5116284.9635]
Upper Sevier|16030001|[-12564308.9646, 4495658.115099996, -12483986.389600001, 4628026.1867999965]
Beaver Bottoms-Upper Beaver|16030007|[-12612091.8033, 4588795.260600001, -12505114.8003, 4695107.826200001]
Lower Beaver|16030008|[-12579979.4076, 4668445.057400003, -12513768.334800001, 4754047.538600003]
South Fork Beaver|10250012|[-11417785.2562, 4737727.645499997, -11243757.910400001, 4840596.576299997]
North Fork Smoky Hill|10260002|[-11445115.7269, 4710246.6686, -11271906.2951, 4757026.415100001]
North Fork Cimarron|11040003|[-11443539.1172, 4451951.529200003, -11254859.9521, 4536249.676600003]
Bear|11040005|[-11467943.854, 4480744.554099999, -11271840.878, 4567116.777499999]
Lower Lodgepole|10190016|[-11632000.5702, 5002367.086000003, -11397090.5887, 5084784.082300003]
Purgatoire|11020010|[-11712008.9615, 4424957.372699998, -11483257.1159, 4588788.637599998]
Mancos|14080107|[-12131677.416000001, 4430427.186899997, -12030643.1665, 4508898.757299997]
McElmo|14080202|[-12155549.349100001, 4467039.3983, -12065485.859000001, 4523683.927499999]
Upper North Platte|10180002|[-11962312.684799999, 4992504.9542, -11813876.8346, 5158064.8522]
Little Snake|14050003|[-12092447.9439, 4931895.402599998, -11889053.0474, 5074282.516399998]
Lower Green-Diamond|14060010|[-12241368.6166, 4875476.884800002, -12123221.4431, 4986954.554400002]
Little Bear-Logan|16010203|[-12473546.838, 5066899.971000001, -12401175.7097, 5175171.867200001]
Lower Weber|16020102|[-12500313.1392, 4954890.497400001, -12403288.044, 5076538.7707]
Jordan|16020204|[-12493141.415, 4926324.641199999, -12418044.5988, 5003540.845899998]
Frenchman|10250005|[-11470472.6123, 4897352.109999999, -11223910.632, 4978627.086099999]
Muddy|15010012|[-12822685.7152, 4340121.609700002, -12732592.3621, 4499108.837500002]
Pine|16040104|[-12976986.412700001, 4837445.8851, -12906574.6136, 4958924.3482]
Suisun Bay|18050001|[-13605999.0255, 4542387.188900001, -13559754.8941, 4640431.6170000015]
Estrella|18060004|[-13435706.5934, 4181793.441399999, -13348366.8048, 4301331.193899999]
Santa Barbara Channel Islands|18060014|[-13422947.2132, 4007837.1545, -13279874.374499999, 4049665.6938]
Vermilion|14040109|[-12135586.354899999, 4946686.200800002, -12051939.124499999, 5060707.417400002]
Upper Chehalis|17100103|[-13749859.014600001, 5833704.435599998, -13629102.898500001, 5948959.130699998]
Santa Clara|18070102|[-13299070.126600001, 4058547.646899998, -13141488.077000001, 4139941.166199998]
Calleguas|18070103|[-13282822.7149, 4034618.520800002, -13204066.6914, 4078982.8227000018]
Santa Monica Bay|18070104|[-13257759.808400001, 3982545.952399999, -13162763.496500002, 4059140.232799999]
Los Angeles|18070105|[-13215928.770399999, 3995842.3753999993, -13130120.937399998, 4082699.1444999995]
San Gabriel|18070106|[-13184475.6606, 3982376.3619000018, -13094882.2284, 4080206.7918000016]
San Pedro Channel Islands|18070107|[-13331135.376899999, 3861925.5260000005, -13162829.072099999, 3967084.0440000007]
Seal Beach|18070201|[-13148493.627500001, 3973333.4913000017, -13120243.632800002, 4008250.984400002]
San Jacinto|18070202|[-13075518.4556, 3968975.6614999995, -12975298.7584, 4028752.4794999994]
Santa Ana|18070203|[-13135726.534699999, 3978556.7069000006, -12990350.794499999, 4080728.5945000006]
Newport Bay|18070204|[-13134837.2425, 3963517.6105000004, -13094243.4968, 4002397.5148000005]
Aliso-San Onofre|18070301|[-13119702.2577, 3921824.672200002, -13057274.4925, 3990832.136500002]
Santa Margarita|18070302|[-13070729.0941, 3924192.1981000006, -12976365.9622, 3989737.1912000007]
San Luis Rey-Escondido|18070303|[-13076057.343899999, 3894747.9301000014, -12967447.196299998, 3953446.5153000015]
Madeline Plains|18080002|[-13453592.9779, 4967714.6686, -13350654.7809, 5031393.212900001]
Mono Lake|18090101|[-13283058.510400001, 4538109.281999998, -13191087.388300002, 4625116.092799998]
Crowley Lake|18090102|[-13258784.4319, 4438754.659900002, -13139123.4198, 4578434.682100002]
Owens Lake|18090103|[-13182541.842500001, 4315761.459899999, -13096596.3024, 4447548.827899999]
Eureka-Saline Valleys|18090201|[-13158136.074000001, 4370181.354199998, -13071925.434600001, 4511457.2009999985]
Death Valley-Lower Amargosa|18090203|[-13103228.4801, 4188797.4717999995, -12854987.627600001, 4496772.438399999]
Carrizo Plain|18060003|[-13372650.5247, 4155431.520800002, -13291553.2473, 4230335.879900002]
Salinas|18060005|[-13559407.8776, 4192097.7682000026, -13380593.7283, 4405416.648900002]
Central Coastal|18060006|[-13585781.2898, 4159648.092699997, -13399612.189199999, 4390259.736599997]
Cuyama|18060007|[-13406200.5566, 4112606.5374, -13261361.9415, 4201181.318299999]
Santa Maria|18060008|[-13430837.1488, 4121765.4996000007, -13315851.4689, 4176402.566900001]
San Antonio|18060009|[-13440000.804, 4120958.168200001, -13371493.6644, 4162880.2399000013]
Santa Ynez|18060010|[-13425506.4628, 4091189.5584999993, -13294097.8485, 4138567.0790999993]
Santa Barbara Coastal|18060013|[-13437678.779199999, 4072696.8693000004, -13296593.2593, 4122779.8146]
Monterey Bay|18060015|[-13603533.9747, 4376272.868799999, -13519916.6235, 4475464.735099999]
Ventura|18070101|[-13302897.2565, 4057433.9064000025, -13262071.4715, 4109508.3993000025]
Delaware|13070002|[-11675647.629700001, 3704699.8867999986, -11579019.9129, 3770876.4938999987]
Toyah|13070003|[-11598212.858, 3585313.0383, -11494817.746, 3687759.1233]
Salt Draw|13070004|[-11649561.7951, 3588318.661600001, -11515298.7337, 3713811.955000001]
Tunas|13070009|[-11467064.0312, 3550872.7194000036, -11375163.0998, 3637344.2960000033]
Independence|13070010|[-11414508.7219, 3550270.4694000036, -11323506.347299999, 3605160.6141000036]
Punta de Agua|11090102|[-11550286.1934, 4238015.241700001, -11388690.1098, 4346570.917200001]
Sevier Lake|16030009|[-12647843.9924, 4616397.940899998, -12569575.9931, 4768731.801199998]
Lower Dolores|14030004|[-12167267.029, 4631448.340300001, -12088299.738599999, 4704306.320000001]
Lower White|14050007|[-12209426.8569, 4785000.2705999985, -12062920.8423, 4929089.909699999]
Montezuma|14080203|[-12189005.9191, 4476208.438900001, -12105153.7997, 4576920.895800001]
Middle Bear|16010202|[-12486527.2174, 5125083.110299997, -12417924.928399999, 5260859.596599997]
Lower Bear-Malad|16010204|[-12529253.832, 5065424.993799999, -12453675.0265, 5244791.7798999995]
Curlew Valley|16020309|[-12614835.2632, 5042448.538199998, -12505703.2532, 5231918.973699998]
Northern Great Salt Lake Desert|16020308|[-12727266.4889, 4950610.404600002, -12536806.0804, 5147963.850900002]
Little Wood|17040221|[-12779007.177000001, 5276318.442199998, -12653188.6378, 5430436.899299998]
Upper Wind|10080001|[-12254501.443300001, 5283260.588600002, -12034612.783800002, 5459450.744200002]
Little Wind|10080002|[-12175566.5485, 5231006.141000003, -12035299.550999999, 5341987.493800003]
Popo Agie|10080003|[-12160255.236499999, 5240926.6193, -12070503.387899999, 5305864.7322]
Badwater|10080006|[-12043701.8159, 5330689.231600001, -11931568.0856, 5401899.861800001]
Upper Bighorn|10080007|[-12163173.629, 5378814.056000002, -11972756.7594, 5538571.620300001]
Nowood|10080008|[-12020332.4982, 5377536.700199999, -11917316.759499999, 5538044.348499998]
Piedra|14080102|[-11964247.308899999, 4440097.528499998, -11908970.456199998, 4528844.296099998]
South Fork Republican|10250003|[-11511746.6669, 4725766.023699999, -11293548.1752, 4872992.178299999]
Lower Chehalis|17100104|[-13787933.088399999, 5924294.443499997, -13711352.205999998, 6030914.695499998]
Grays Harbor|17100105|[-13823644.929200001, 5904406.711400002, -13760525.766400002, 6024145.914200002]
Willapa Bay|17100106|[-13831852.49, 5817869.813100003, -13728012.8421, 5934651.217500003]
Duwamish|17110013|[-13621084.5178, 5961348.044, -13502792.0392, 6036004.6208999995]
Bear Lake|16010201|[-12436635.132, 5112299.365500003, -12365255.77, 5290047.253300003]
Central Bear|16010102|[-12382614.7378, 5145469.425899997, -12315729.0008, 5252109.170599997]
Deschutes|17110016|[-13689477.6899, 5889556.701399997, -13616848.336199999, 5953194.360699997]
Strait of Georgia|17110002|[-13754374.1188, 6176767.808200002, -13598293.1033, 6310039.138800002]
San Juan Islands|17110003|[-13773318.7806, 6168444.5940999985, -13659272.4169, 6280381.464599999]
Elk|17010106|[-12825992.129900001, 6260498.335900001, -12753814.0183, 6548523.012700001]
Upper Coeur d'Alene|17010301|[-12980398.6989, 6027271.033299997, -12878382.575399999, 6118351.276999998]
South Fork Coeur d'Alene|17010302|[-12953705.482099999, 6005531.642800003, -12871813.079699999, 6041154.638500003]
Coeur d'Alene Lake|17010303|[-13034283.4527, 6003070.675300002, -12940841.372, 6065816.5709000025]
St. Joe|17010304|[-13018496.790199999, 5927513.0616, -12809470.901099999, 6013556.9273]
Palisades|17040104|[-12430164.1571, 5323520.131499998, -12347451.567599999, 5414322.988699999]
Idaho Falls|17040201|[-12512199.0269, 5385814.293899998, -12420431.968700001, 5455499.047399998]
Upper Henrys|17040202|[-12443148.0153, 5472942.875, -12351544.9111, 5583036.7332]
Lower Henrys|17040203|[-12466977.906100001, 5416018.431299999, -12325316.7749, 5530663.752599999]
Willow|17040205|[-12474807.9794, 5298474.9243, -12388588.4834, 5408399.7870000005]
American Falls|17040206|[-12601100.951200001, 5213842.383699998, -12461584.568000002, 5406945.018599998]
Blackfoot|17040207|[-12524188.1912, 5244165.527599998, -12373191.4104, 5400418.973299998]
Portneuf|17040208|[-12551536.4003, 5201221.130400002, -12429555.2143, 5337160.901600002]
Lake Walcott|17040209|[-12714371.9597, 5198613.2880000025, -12545289.715, 5388189.479100003]
Beaver-Camas|17040214|[-12526068.2934, 5418433.127099998, -12436681.674700001, 5554341.043599999]
Medicine Lodge|17040215|[-12565644.548, 5396028.876100004, -12499662.446800001, 5543828.368200004]
Birch|17040216|[-12611079.0778, 5427321.599200003, -12535814.8417, 5537083.064100003]
Little Lost|17040217|[-12654022.4828, 5415356.347599998, -12562265.9455, 5540727.950199998]
Big Lost|17040218|[-12736887.3203, 5351469.516900003, -12533209.2969, 5507639.157700003]
Big Wood|17040219|[-12791170.9537, 5287208.065200001, -12697786.4765, 5453531.956200001]
Camas|17040220|[-12841439.7713, 5340345.346299998, -12735011.6755, 5399966.2738999985]
North and Middle Forks Boise|17050111|[-12884075.3426, 5405314.833499998, -12798566.4509, 5480722.043499998]
Boise-Mores|17050112|[-12924218.4071, 5388501.767499998, -12855316.9399, 5472866.518999998]
South Fork Boise|17050113|[-12906069.679200001, 5346427.2117, -12761267.144000001, 5443586.3443]
Lower Boise|17050114|[-13026875.874, 5350416.221600004, -12888323.8682, 5448374.537800004]
South Fork Payette|17050120|[-12916486.4025, 5456215.5983000025, -12798118.2478, 5550557.106100002]
Middle Fork Payette|17050121|[-12921036.990699999, 5477976.255500004, -12869465.113, 5553712.7485000035]
Payette|17050122|[-13019639.4659, 5424777.544, -12913088.9156, 5544827.0841]
Pahsimeroi|17060202|[-12701171.3974, 5475328.925999999, -12629492.9868, 5580849.649199999]
Lower Middle Fork Salmon|17060206|[-12853871.631000001, 5559709.065300003, -12723817.0149, 5669013.046700003]
Middle Salmon-Chamberlain|17060207|[-12919420.9786, 5648330.059299998, -12730517.7688, 5749139.824599998]
South Fork Salmon|17060208|[-12911905.8091, 5537756.407300003, -12826981.141, 5685020.004800003]
Upper Selway|17060301|[-12808657.9856, 5695985.7764, -12733533.8825, 5813103.029]
Lower Selway|17060302|[-12876659.002700001, 5730056.777099997, -12739786.439900002, 5841315.298199996]
Lochsa|17060303|[-12886942.2909, 5801846.752300002, -12726079.960299999, 5899841.621500001]
Middle Fork Clearwater|17060304|[-12911333.969, 5769822.527900003, -12868071.0362, 5820212.449300003]
South Fork Clearwater|17060305|[-12964770.0577, 5715514.513700001, -12818207.8899, 5807384.725300001]
Upper North Fork Clearwater|17060307|[-12887091.1125, 5846622.744599998, -12774707.883200001, 5944479.572499998]
Lower North Fork Clearwater|17060308|[-12959712.4343, 5861210.906499997, -12851678.1159, 5962653.829399996]
Wenatchee|17020011|[-13489807.3314, 5988349.162900001, -13394472.5915, 6137056.310900001]
Upper Yakima|17030001|[-13521542.0899, 5875419.841200002, -13364355.1247, 6040203.752200002]
Naches|17030002|[-13527844.548799999, 5853575.126000002, -13415535.258, 5965252.353700002]
Upper Spokane|17010305|[-13075387.945500001, 6031386.928300001, -12972063.205100002, 6101236.140300001]
Rock|17060109|[-13146950.5166, 5927732.098200001, -13018158.6645, 6024003.1006000005]
Gros Ventre|17040102|[-12334071.872299999, 5362571.3662, -12218705.955999998, 5425491.2532]
Ladder|10260004|[-11417177.7699, 4653845.802000001, -11227052.1786, 4706517.810800001]
Whitewoman|11030002|[-11409340.9806, 4614473.4463, -11225126.799099999, 4683105.199]
Upper Cimarron-Liberal|11040006|[-11346276.8515, 4419056.262800001, -11142775.8607, 4512051.5207]
Greybull|10080009|[-12195228.6841, 5430167.869499996, -12027925.4368, 5539894.741699996]
Dry|10080011|[-12142456.7478, 5504575.202, -12028793.1704, 5562451.4952]
North Fork Shoshone|10080012|[-12264343.053, 5500821.747400001, -12152708.8542, 5570022.926700001]
South Fork Shoshone|10080013|[-12231154.166000001, 5434715.464500003, -12146508.083500002, 5542749.215400003]
Middle Fork Powder|10090201|[-11940900.2955, 5363574.193400003, -11861447.920799999, 5489756.040800003]
Upper Powder|10090202|[-11870675.6061, 5382322.284599997, -11758998.645, 5603205.654699997]
South Fork Powder|10090203|[-11965940.4225, 5276446.9014, -11849898.2751, 5416726.1825]
Salt|10090204|[-11868677.812800001, 5325971.510499999, -11797346.655700002, 5417806.592199999]
Crazy Woman|10090205|[-11920292.9507, 5446919.941500001, -11814181.5893, 5554750.5908]
Clear|10090206|[-11933929.749, 5496038.255099997, -11806838.3717, 5617241.343899997]
Antelope|10120101|[-11811190.248100001, 5337856.086900003, -11693515.581400001, 5421320.163800003]
Dry Fork Cheyenne|10120102|[-11799841.7306, 5319123.104199998, -11691501.1712, 5378299.663199998]
Upper Cheyenne|10120103|[-11745073.989, 5362439.9714, -11607706.6546, 5462278.6599]
Lance|10120104|[-11696180.9125, 5274996.313299999, -11592979.303199999, 5370236.869599999]
Lightning|10120105|[-11756952.205400001, 5284112.014300004, -11644762.2245, 5356905.951400003]
Pathfinder-Seminoe Reservoirs|10180003|[-11935128.1274, 5133525.758000001, -11848010.683799999, 5236672.060800001]
Medicine Bow|10180004|[-11894401.468, 5065571.560099997, -11759050.505, 5187220.999899996]
Little Medicine Bow|10180005|[-11865087.339499999, 5147431.237199999, -11770140.3798, 5233692.510499999]
Sweetwater|10180006|[-12156570.4687, 5192901.594300002, -11885739.570999999, 5284912.762800002]
Middle North Platte-Casper|10180007|[-11943242.2201, 5209240.410400003, -11733972.4307, 5342619.027900003]
Glendo Reservoir|10180008|[-11777879.955400001, 5190661.620399997, -11642743.7222, 5302225.775699996]
Lower Laramie|10180011|[-11784580.706, 5078850.533200003, -11634608.072900001, 5211459.636900003]
New Fork|14040102|[-12251187.308600001, 5239493.579000004, -12157222.278500002, 5343521.542700004]
Upper Green-Slate|14040103|[-12301284.7622, 5080037.643799998, -12165114.518, 5225409.073599998]
Big Sandy|14040104|[-12221746.4221, 5136274.072099999, -12116107.1791, 5277134.341699999]
Bitter|14040105|[-12185291.4705, 5019843.686099999, -12044873.2038, 5169884.1000999985]
Great Divide Closed Basin|14040200|[-12141512.2815, 5083892.392800003, -11919278.1109, 5221065.913300003]
Muddy|14050004|[-12053903.2934, 5018189.285400003, -11944726.339200001, 5107507.364300003]
Clarks Fork Yellowstone|10070006|[-12240658.4111, 5555613.727600001, -12089498.5332, 5724427.031]
Big Horn Lake|10080010|[-12077195.2251, 5523375.733900003, -11941784.2465, 5671338.508800003]
Shoshone|10080014|[-12167920.1235, 5506071.443700001, -12042316.012, 5672415.088900001]
Upper Tongue|10090101|[-11995648.9544, 5534545.851300001, -11820028.0475, 5688930.157900001]
Horse|10180012|[-11741459.243900001, 5055327.2184000015, -11557214.244, 5155967.514600001]
Muddy|14040108|[-12348151.841400001, 5003915.068000004, -12268208.256700002, 5130708.073300004]
Chetco|17100312|[-13859411.9505, 5153306.3314, -13780292.7144, 5224212.310799999]
Warner Lakes|17120007|[-13391873.3046, 5133024.300300002, -13295104.9858, 5313186.678800002]
Guano|17120008|[-13336583.2273, 5099010.509599999, -13210794.236599999, 5312525.953499999]
Necanicum|17100201|[-13820096.5177, 5726088.200400002, -13770101.7831, 5822412.469500002]
Wilson-Trusk-Nestuccu|17100203|[-13813705.3333, 5625570.8323, -13724962.8823, 5729814.1228]
Siltcoos|17100207|[-13832436.435899999, 5422066.1000000015, -13793265.8184, 5469628.090200001]
Sixes|17100306|[-13881968.783, 5219438.5288999975, -13818597.3461, 5336233.758899998]
Donner und Blitzen|17120003|[-13248306.9099, 5234165.175999999, -13184082.4943, 5355667.256699999]
Moyie|17010105|[-12956817.1871, 6225587.768600002, -12880212.0021, 6366467.711900002]
Goose|17040211|[-12740244.019000001, 5112746.9868, -12652889.560300002, 5242200.0165]
Pend Oreille Lake|17010214|[-13040679.196, 6087812.6888, -12931411.1609, 6222077.6899]
Priest|17010215|[-13045610.068, 6136459.640900001, -12983053.94, 6286277.297100001]
Hangman|17010306|[-13097683.861200001, 5948541.557700001, -12991908.845600002, 6050647.566500001]
Salt|17040105|[-12394306.306200001, 5232148.577, -12329066.581100002, 5337437.0631]
Teton|17040204|[-12454917.893199999, 5384855.009800002, -12336913.517399998, 5466994.099200002]
Fisher|17010102|[-12869826.6672, 6088609.548, -12772106.694699999, 6191843.7269]
Upper Clark Fork|17010201|[-12607228.7014, 5747053.3955999985, -12500426.6323, 5904856.649599998]
Flint-Rock|17010202|[-12683192.9277, 5770516.952399999, -12580713.4261, 5921282.269999999]
Blackfoot|17010203|[-12678082.9073, 5886274.746100001, -12502487.9671, 6011803.647000001]
Middle Clark Fork|17010204|[-12886292.9688, 5892678.990800001, -12662282.347800002, 6023546.285000001]
Middle Fork Flathead|17010207|[-12701243.2812, 6091548.6655, -12565573.9848, 6250474.143]
Flathead Lake|17010208|[-12768481.064399999, 6049503.178599998, -12681605.5332, 6190093.825699998]
South Fork Flathead|17010209|[-12701508.522300001, 5979392.336199999, -12570044.316200001, 6183350.748499999]
Stillwater|17010210|[-12793351.8575, 6139707.8467999995, -12715732.7306, 6241483.2332999995]
Swan|17010211|[-12699677.5992, 5986498.013499998, -12634890.789299998, 6133607.884999998]
Lower Flathead|17010212|[-12787812.342500001, 5942740.104699999, -12653244.914800001, 6141597.926699999]
Yaak|17010103|[-12918989.3049, 6197828.466200002, -12841543.8828, 6313347.738200001]
North Fork Flathead|17010206|[-12789533.209800001, 6184995.897500001, -12674352.0096, 6353555.717000001]
Lower Clark Fork|17010213|[-12946389.0198, 5998496.1592999995, -12767704.133, 6176267.3641]
Middle Kootenai|17010101|[-12935452.9421, 6116839.059600003, -12767121.580699999, 6468530.372600003]
South Fork Owyhee|17050105|[-13033566.535500001, 5031215.1635000035, -12908439.653700002, 5202510.074600004]
East Little Owyhee|17050106|[-13065354.546, 5098406.2217999995, -12981702.5183, 5186099.198999999]
Belt|10030105|[-12368155.3983, 5915359.923, -12307836.5476, 6040579.11]
Two Medicine|10030201|[-12632630.5343, 6106954.273500003, -12488735.9697, 6199506.150100003]
Bullwhacker-Dog|10040101|[-12301484.475, 5987196.876999997, -12134199.7871, 6139751.644999997]
Arrow|10040102|[-12316908.7587, 5950938.050300002, -12219924.7034, 6075280.458700002]
Judith|10040103|[-12321656.3008, 5888709.031400003, -12157679.398699999, 6062881.453800002]
Big Dry|10040105|[-11966582.3378, 5932400.182599999, -11826674.5037, 6044834.303999999]
Upper Musselshell|10040201|[-12332373.196800001, 5774498.179300003, -12059072.085600002, 5907319.670300003]
Flatwillow|10040203|[-12173504.6943, 5897297.810900003, -12014718.170699999, 5944808.094700003]
Box Elder|10040204|[-12163744.7769, 5922530.406499997, -12026958.792200001, 6004571.624799997]
Lower Musselshell|10040205|[-12128829.7564, 5922864.689099997, -11955711.3834, 6032237.1642999975]
Milk Headwaters|10050001|[-12625716.7452, 6210444.3401999995, -12498189.482800001, 6324440.7638]
Upper Milk|10050002|[-12510990.7677, 6199777.526600003, -12230519.474399999, 6335562.885500004]
Wild Horse Lake|10050003|[-12305830.1754, 6254269.364299998, -12228321.7863, 6350765.172799998]
Little Beaver|10250013|[-11390661.0996, 4762796.0999, -11246973.9931, 4854229.3575]
Willow|17070104|[-13377701.1688, 5638163.338100001, -13274573.4487, 5748366.074300001]
Lower John Day|17070204|[-13449730.4996, 5536214.283, -13301168.552800002, 5738063.8899]
Upper Deschutes|17070301|[-13596885.6734, 5391478.189499997, -13484471.778099999, 5581325.375199997]
Little Deschutes|17070302|[-13598013.1507, 5345749.742200002, -13488883.479899999, 5444909.214100002]
Trout|17070307|[-13484391.5328, 5543447.312299997, -13412768.2999, 5625172.258399997]
Lower Columbia|17080006|[-13813798.4935, 5768497.000200003, -13726819.0093, 5860459.395600003]
Raft|17040210|[-12676257.5897, 5123581.420900002, -12569341.2738, 5254187.099800002]
Lower Spokane|17010307|[-13173614.010499999, 6034248.6263, -13068013.305799998, 6128401.9322999995]
Little Spokane|17010308|[-13099928.0075, 6055715.3653, -13016416.040000001, 6142006.841]
Middle Milk|10050004|[-12254732.5407, 6119067.727899998, -11917889.652999999, 6266881.938299999]
Big Sandy|10050005|[-12315211.4835, 6119683.175499998, -12208604.6625, 6202150.8133999985]
Sage|10050006|[-12372161.4415, 6164537.890699998, -12244497.741400002, 6278699.511599998]
Lodge|10050007|[-12299203.3115, 6202087.251000002, -12151420.313, 6383374.756000002]
Battle|10050008|[-12273973.5332, 6203207.412699997, -12118738.7052, 6391078.224699997]
Peoples|10050009|[-12183783.6304, 6092788.6131, -12042534.2038, 6178623.9934]
Cottonwood|10050010|[-12128770.613499999, 6191679.697300002, -11995316.435999999, 6290700.929500002]
Whitewater|10050011|[-12159165.9545, 6196983.934, -11951838.1699, 6338537.2482]
Frenchman|10050013|[-12216980.7694, 6193242.8473000005, -11925628.7682, 6401217.5146]
Beaver|10050014|[-12084202.2129, 6075284.258100003, -11920864.0754, 6196485.386800003]
Rock|10050015|[-11937202.515, 6175732.129799999, -11853125.1739, 6323567.306999999]
Porcupine|10050016|[-11875600.3497, 6126395.820699997, -11810673.0412, 6252193.890999997]
West Fork Poplar|10060004|[-11859640.167100001, 6182433.5713, -11728403.877500001, 6320672.6819]
Upper Yellowstone|10070002|[-12369960.693, 5618546.340499997, -12188518.0832, 5812879.143399997]
Shields|10070003|[-12356282.2295, 5734859.6558, -12276892.2269, 5824106.6671]
Pryor|10070008|[-12098811.336199999, 5656874.887500003, -12037628.338499999, 5762785.733900003]
Lower Tongue|10090102|[-11888999.3956, 5622817.416100003, -11734323.33, 5846906.964300003]
Lower Powder|10090209|[-11744450.9071, 5665548.498300001, -11649607.0088, 5900096.915300001]
Mizpah|10090210|[-11777947.717799999, 5685097.820500001, -11705525.394699998, 5824124.723100001]
O'Fallon|10100005|[-11713842.4839, 5763721.863899998, -11588966.3619, 5915401.248499999]
Middle Arkansas-Lake McKinney|11030001|[-11374070.2504, 4542344.247100003, -11217957.009499999, 4639153.233600003]
Smoky Hill Headwaters|10260001|[-11419998.1964, 4690909.1536, -11274521.2803, 4746205.3813]
Hackberry|10260005|[-11282202.3661, 4694226.557300001, -11135408.3878, 4743494.590400001]
Upper Saline|10260009|[-11286514.2534, 4699108.940899998, -10954281.488499999, 4763066.066299998]
Upper South Fork Solomon|10260013|[-11298193.8409, 4752189.929200001, -11067545.045500001, 4798284.746800001]
Aqua Fria|15070102|[-12539401.508200001, 3946967.262599997, -12443488.952300001, 4125646.8087999974]
Hassayampa|15070103|[-12599568.173799999, 3938085.9931000024, -12506764.560999999, 4096273.7182000023]
Upper Green-Flaming Gorge Reservoir|14040106|[-12293086.3171, 4942758.468999997, -12096747.8078, 5089041.985099996]
Blacks Fork|14040107|[-12335568.928199999, 4973907.833400004, -12188296.221299998, 5216551.6635000035]
Upper Green|14040101|[-12327083.8474, 5162515.2861, -12202413.4876, 5381054.5179]
Greys-Hobock|17040103|[-12363576.6545, 5239963.471600004, -12262660.342, 5417617.268500004]
Crescent-Hoko|17110021|[-13904051.523, 6105853.487199999, -13755062.2114, 6301010.062499999]
Utah Lake|16020201|[-12491628.6807, 4805518.344499998, -12417862.1395, 4950294.050999998]
Spanish Fork|16020202|[-12448937.444699999, 4822289.519100003, -12365594.550999999, 4909744.538500003]
Long Creek|09010006|[-11665528.2926, 6214598.861500002, -11453806.6026, 6388881.487300002]
Little Muddy|10110102|[-11580211.9182, 6129393.310599998, -11475518.5474, 6235913.332699997]
Painted Woods-Square Butte|10130101|[-11305765.4504, 5903359.316799998, -11142345.9437, 6089862.309199998]
Des Lacs|09010002|[-11427734.5835, 6136641.5484, -11289899.9917, 6282650.2101]
Headwaters Souris River|09010007|[-11634091.7118, 6219763.910499997, -11405029.8714, 6475427.402199998]
Brush Lake Closed Basin|10060007|[-11628385.6333, 6193072.8926, -11530246.141700001, 6317987.0861]
Upper Lodgepole|10190015|[-11737936.2499, 4998724.674800001, -11561749.8628, 5074087.7601000015]
Boxelder|10110202|[-11684522.384, 5650465.5282000005, -11570458.590499999, 5789762.939200001]
Beaver|10110204|[-11615451.4024, 5860031.3222, -11538763.5554, 6007358.9032000005]
Madison|10020007|[-12465084.690299999, 5518093.624499999, -12303872.272, 5768653.286399999]
Little Bighorn|10080016|[-12012657.9001, 5584699.437200002, -11924114.9685, 5740963.261900002]
Middle Powder|10090207|[-11821178.939399999, 5575052.157300003, -11725458.739099998, 5701275.877000003]
St. Marys|09040001|[-12665235.259, 6202691.268200003, -12541545.0619, 6381964.463300003]
Belly|09040002|[-12708963.1669, 6243952.003399998, -12519829.092799999, 6443379.989799998]
Red Rock|10020001|[-12643299.3327, 5520990.740999997, -12408061.9718, 5651643.614499996]
Beaverhead|10020002|[-12607261.901, 5579715.4177, -12478153.6588, 5712201.5729]
Ruby|10020003|[-12519526.207, 5587790.4969, -12446834.0199, 5715750.7123]
Jefferson|10020005|[-12524779.274500001, 5703744.161399998, -12412725.837600002, 5806421.878899998]
Gallatin|10020008|[-12415562.015999999, 5597947.976199999, -12327292.848499998, 5791718.8784]
Smith|10030103|[-12441995.3272, 5830974.687200002, -12310384.834099999, 6009830.800500003]
Fort Peck Reservoir|10040104|[-12189200.526, 5939543.490000002, -11782254.8812, 6146124.289900002]
Prairie Elk-Wolf|10060001|[-11867226.7575, 6035296.563699998, -11711724.4043, 6213330.509899998]
Redwater|10060002|[-11798807.025600001, 5946983.491899997, -11661258.6752, 6117659.462699997]
Poplar|10060003|[-11842556.236499999, 6119727.996100001, -11678025.414099999, 6343798.232800001]
Charlie-Little Muddy|10060005|[-11712453.2632, 6073816.200099997, -11567515.2301, 6168925.131899998]
Big Muddy|10060006|[-11722044.908599999, 6127786.489200003, -11555236.9446, 6351955.940200004]
Strawberry|14060004|[-12391532.272599999, 4846904.103600003, -12288051.0605, 4927119.039800003]
Provo|16020203|[-12437499.9541, 4899618.480099998, -12344403.3401, 4969947.610099998]
Lower Yellowstone|10100004|[-11789376.122299999, 5859674.441299997, -11523631.737599999, 6103859.425699998]
Upper Yellowstone-Lake Basin|10070004|[-12216699.2042, 5700019.868000001, -12064940.4223, 5794827.733100001]
Stillwater|10070005|[-12262529.274799999, 5628583.996299997, -12150853.229099998, 5722554.262099997]
Lower Milk|10050012|[-11940943.9068, 6073903.943499997, -11814251.0452, 6221636.689999998]
Cache La Poudre|10190007|[-11792082.6131, 4920304.219300002, -11643956.8871, 5043393.575500002]
Upper Laramie|10180010|[-11835534.7028, 4954514.626199998, -11736124.0727, 5160728.677899998]
Crow|10190009|[-11738231.0227, 4922209.5101, -11582440.1358, 5054128.954899999]
Upper Bear|16010101|[-12413351.4231, 4969713.934699997, -12311767.2711, 5169870.310299997]
Upper Weber|16020101|[-12422556.3938, 4951702.9597999975, -12343687.3007, 5067657.198899997]
Tule Valley|16020303|[-12664061.5949, 4692788.118100002, -12613609.752600001, 4826258.291700003]
Lower Sevier|16030005|[-12616695.5968, 4674853.728299998, -12431948.0766, 4867626.247999998]
Southern Great Salt Lake Desert|16020306|[-12725365.2948, 4786202.2228000015, -12528229.5875, 5007551.367400002]
Upper Niobrara|10150003|[-11554027.1675, 5146178.275200002, -11281442.6393, 5327074.501600002]
Upper White|10140201|[-11560610.6804, 5239360.001599997, -11349216.4326, 5434221.946899997]
Polacca Wash|15020013|[-12355183.3028, 4199998.558600001, -12223813.5283, 4349218.978700001]
Sacramento Wash|15030103|[-12744784.758000001, 4100900.561499998, -12671767.310700001, 4226809.933799998]
Middle Concho|12090103|[-11385737.8732, 3638020.7853000015, -11194401.053199999, 3740843.2252000016]
Upper Devils|13040301|[-11284817.2259, 3514430.538999997, -11182156.9677, 3639765.6616999973]
Bouse Wash|15030105|[-12728995.3728, 3942205.747100003, -12624146.1062, 4050618.445200003]
Tyson Wash|15030106|[-12737586.8391, 3926317.1323999986, -12686019.2359, 4018330.2333999984]
Upper Gila-San Carlos Reservoir|15040005|[-12316060.5671, 3828100.338200003, -12165677.1669, 3973130.027900003]
Middle Gila|15050100|[-12505839.5089, 3839110.6872999966, -12280450.561, 3960544.6726999967]
Willcox Playa|15050201|[-12276804.0452, 3738293.020800002, -12162928.6808, 3861271.5489000017]
Lower San Pedro|15050203|[-12350982.822, 3776334.6598000005, -12248405.2161, 3899018.1313000005]
Upper Santa Cruz|15050301|[-12389943.0422, 3638000.756099999, -12283491.5834, 3854233.780199999]
Rillito|15050302|[-12362564.7689, 3709081.0851000026, -12290433.088299999, 3822425.9322000025]
Lower Santa Cruz|15050303|[-12512650.9581, 3814899.4799000025, -12358965.149600001, 3930491.9797000024]
Brawley Wash|15050304|[-12428996.4035, 3691780.8483000025, -12361224.1029, 3834026.2465000027]
Aguirre Valley|15050305|[-12458619.7565, 3757432.141999997, -12399710.1225, 3852203.488499997]
Santa Rosa Wash|15050306|[-12518897.0568, 3765412.1867000014, -12437772.7371, 3881704.8430000013]
Lower Salt|15060106|[-12501973.4169, 3938179.7864999995, -12368900.6249, 4007614.7069999995]
Lower Gila-Painted Rock Reservoir|15070101|[-12583126.2722, 3831329.139899999, -12487459.913999999, 3974764.404899999]
Lower Gila|15070201|[-12753286.298700001, 3793133.161799997, -12566273.727100002, 3959273.0429999973]
Tenmile Wash|15070202|[-12633082.742600001, 3782503.4214999974, -12528547.653, 3884312.644199997]
San Cristobal Wash|15070203|[-12664044.7553, 3761307.160599999, -12533651.8238, 3874640.039999999]
Lower Colorado|15030107|[-12849465.7623, 3716683.7480000034, -12732187.439, 3891291.6632000036]
Yuma Desert|15030108|[-12801312.1238, 3698926.288800001, -12691130.6755, 3859691.257800001]
Upper San Pedro|15050202|[-12317805.3622, 3628698.219999999, -12229749.8311, 3804484.332299999]
San Simon Wash|15080101|[-12544686.477400001, 3675390.800300002, -12418620.721700002, 3836188.709900002]
Rio Sonoyta|15080102|[-12650979.9897, 3570860.8817000017, -12505048.625, 3776029.787300002]
Tule Desert|15080103|[-12722390.0263, 3690247.2529999986, -12566657.4039, 3804443.2224999988]
Upper Belle Fourche|10120201|[-11788569.6714, 5405162.149300002, -11580409.611299999, 5590269.978800002]
Barrilla Draw|13070005|[-11595995.9835, 3563881.3395000026, -11499325.618, 3677459.3312000027]
Coyanosa-Hackberry Draws|13070006|[-11570533.8983, 3535497.899599999, -11472760.168, 3680239.5921999994]
Pecos|13070008|[-11404386.6973, 3559778.9417999983, -11303934.1941, 3687587.9897999982]
Howard Draw|13070011|[-11318227.618, 3522987.4645000026, -11271888.8001, 3652301.0749000027]
Lower Pecos-Red Bluff Reservoir|13070001|[-11643385.4895, 3603598.296099998, -11476915.3508, 3796476.4735999983]
Landreth-Monument Draws|13070007|[-11563278.9809, 3551419.4333000034, -11368256.8374, 3897921.458100003]
Havasu-Mohave Lakes|15030101|[-12791514.931200001, 4065705.188000001, -12698553.171500001, 4306569.741200001]
Coyote|18050003|[-13617653.0169, 4441634.0185, -13511678.0724, 4506904.2372]
San Francisco Bay|18050004|[-13635748.4828, 4475107.048199996, -13514927.9408, 4561972.8978999965]
Jornada Draw|13030103|[-11936007.206500001, 3809816.6448, -11858649.805300001, 3933854.8882]
Playas Lake|13030201|[-12136431.1039, 3535160.8170000017, -11964935.7326, 3776742.4288000017]
Mimbres|13030202|[-12071013.188099999, 3581028.9371000007, -11899586.617999999, 3914277.9506000006]
Cloverdale|15080303|[-12138280.214499999, 3665684.9834999964, -12105090.386899998, 3697955.0601999965]
Rio De La Concepcion|15080200|[-12579426.419599999, 3482814.943400003, -12286876.3788, 3703269.982500003]
Whitewater Draw|15080301|[-12245100.9878, 3562163.4372999966, -12162283.9732, 3750970.9203999965]
San Simon|15040006|[-12221555.332, 3698382.724200003, -12122902.013, 3874402.465200003]
Imperial Reservoir|15030104|[-12839142.2435, 3879185.427699998, -12674339.1009, 4075394.861199998]
San Diego|18070304|[-13062561.3534, 3831077.592799999, -12966804.6219, 3927849.660999999]
Cottonwood-Tijuana|18070305|[-13039131.7929, 3780782.4262999967, -12901700.6237, 3885863.7932999968]
Southern Mojave|18100100|[-13045920.564100001, 3946137.4223999977, -12759415.5712, 4199700.031499998]
Whitewater River|18100201|[-13018729.7614, 3955451.7026000023, -12907351.3536, 4051303.305500002]
Carrizo Creek|18100202|[-12972456.7749, 3824719.621100001, -12895252.728, 3908381.378200001]
San Felipe Creek|18100203|[-12988385.8223, 3889094.257100001, -12890441.335, 3968753.991800001]
Salton Sea|18100204|[-12944223.2955, 3802713.3288000003, -12769756.611399999, 4004240.7324]
North Fork Humboldt|16040102|[-12914781.1304, 5001198.903999999, -12845523.3962, 5105300.432699999]
Muskrat|10080004|[-12044016.3501, 5261217.161700003, -11972229.3146, 5342665.921900003]
Lower Wind|10080005|[-12155070.1463, 5277469.2007, -11934158.661899999, 5413664.0373]
Upper Arkansas-John Martin Reservoir|11020009|[-11542783.0796, 4504101.206600003, -11355416.3047, 4696765.291600003]
Two Butte|11020013|[-11509819.8292, 4474015.110100001, -11368456.228, 4585406.612900001]
Upper Missouri|10030101|[-12527548.0654, 5768583.870700002, -12304378.2348, 5958204.251800002]
Upper Missouri-Dearborn|10030102|[-12560224.2146, 5936380.889799997, -12273453.046300001, 6097221.809899997]
Sun|10030104|[-12597571.7162, 5988616.0951000005, -12388595.3266, 6099415.8709]
Cut Bank|10030202|[-12636635.0821, 6185136.4011999965, -12483147.1374, 6274384.366299996]
Marias|10030203|[-12543801.187199999, 6084535.594899997, -12293492.112899998, 6274484.463599997]
Willow|10030204|[-12454525.526700001, 6166229.898800001, -12369940.237000002, 6267523.0370000005]
Teton|10030205|[-12568978.0602, 6038201.8138, -12301286.9219, 6123218.657199999]
Lake Sakakawea|10110101|[-11577904.5778, 6006134.636299998, -11240386.4527, 6240096.931499997]
Boulder|10020006|[-12534359.1678, 5757113.8396999985, -12443035.0611, 5848641.729199998]
Little Powder|10090208|[-11778113.3514, 5508838.245300002, -11677224.1426, 5697738.615400002]
Upper Little Missouri|10110201|[-11711309.0658, 5548890.782700002, -11533813.2114, 5840701.775000002]
Lower Snake-Tucannon|17060107|[-13159814.0659, 5796011.266900003, -13028129.6918, 5916929.626000003]
Palouse|17060108|[-13184222.9373, 5855393.480700001, -12963188.6162, 6045925.906200001]
Lower Snake|17060110|[-13255479.3209, 5810802.893799998, -13153460.163700001, 5897259.243999998]
Upper Gila-Mangas|15040002|[-12176427.4747, 3817817.8806999996, -12040572.3036, 3931466.8998999996]
Animas Valley|15040003|[-12144823.946899999, 3691049.100299999, -12041497.367899999, 3845503.0233999994]
El Paso-Las Cruces|13030102|[-11997708.8935, 3534627.7052000016, -11826038.6358, 3889057.4718000013]
Rio Grande-Fort Quitman|13040100|[-11865002.5004, 3607053.9333000034, -11724347.0397, 3762605.038700003]
Cibolo-Red Light|13040201|[-11770554.936, 3424332.5011000037, -11601237.595900001, 3674793.831300004]
Alamito|13040202|[-11622544.7548, 3442025.8154999986, -11540036.353999998, 3580686.6032999987]
Black Hills-Fresno|13040203|[-11649943.5077, 3323569.6750999987, -11523572.997, 3466598.5898999986]
Terlingua|13040204|[-11568806.7491, 3396750.5622999966, -11497666.852, 3522007.453099997]
Big Bend|13040205|[-11560344.6703, 3244048.1988000013, -11394658.6621, 3450399.8448000015]
Maravillas|13040206|[-11526387.8678, 3433770.4393000007, -11434937.959999999, 3555609.3466000007]
Santiago Draw|13040207|[-11545550.9611, 3429690.695100002, -11471639.170100002, 3540671.644900002]
Reagan-Sanderson|13040208|[-11459361.13, 3364370.279299997, -11332240.9898, 3536734.2806999967]
San Francisco|13040209|[-11489876.4186, 3476782.205799997, -11388427.033200001, 3551601.251999997]
Lozier Canyon|13040210|[-11451294.0368, 3477644.4858999997, -11322276.1609, 3550442.1667]
Big Canyon|13040211|[-11482343.3979, 3513602.4235000014, -11333697.4425, 3567885.9078000016]
Amistad Reservoir|13040212|[-11383736.1638, 3373417.0613999963, -11245750.2993, 3522905.6125999964]
Lower Pecos|13070012|[-11347397.0017, 3463835.2771999985, -11258355.2824, 3561826.8293999983]
Tularosa Valley|13050003|[-11883182.2327, 3749493.1172999963, -11758739.0333, 4072694.8856999963]
San Bernardino Valley|15080302|[-12186146.7923, 3608831.363499999, -12111340.406900002, 3716975.6311999992]
Lower Little Missouri|10110205|[-11555937.6301, 5976775.917599998, -11377964.9278, 6086090.309599998]
Little Dry|10040106|[-11925617.155000001, 5905168.079999998, -11780745.432300001, 5999137.339099999]
Lower Bighorn|10080015|[-12059049.2692, 5626858.531999998, -11912690.946300002, 5805101.234299998]
Lower Yellowstone-Sunday|10100001|[-12012443.0361, 5722328.136299998, -11728861.7508, 5929427.665199998]
Big Porcupine|10100002|[-11972257.068300001, 5826241.118100002, -11886849.522800002, 5941245.938000003]
Rosebud|10100003|[-11932590.476, 5646257.050399996, -11825975.2582, 5824419.565599997]
Middle Musselshell|10040202|[-12150247.8041, 5822561.166500002, -11959766.9573, 5933494.616700002]
Upper Yellowstone-Pompeys Pillar|10070007|[-12136063.378800001, 5716267.8948, -11964085.5314, 5844205.6914]
Grand Canyon|15010002|[-12659684.3649, 4235875.359999999, -12476063.0913, 4369067.4640999995]
Havasu Canyon|15010004|[-12580816.4941, 4188731.8762999997, -12441786.629700001, 4343353.6996]
Red Lake|15010007|[-12724577.5293, 4178677.153099999, -12599097.540900001, 4275449.732699999]
Fort Pearce Wash|15010009|[-12651655.4056, 4348696.357500002, -12551903.8954, 4451024.205700002]
Upper Little Colorado|15020002|[-12281154.5735, 4040705.9373999983, -12134463.0083, 4164171.9378999984]
Lower Puerco|15020007|[-12260674.3677, 4139755.809299998, -12146358.3479, 4219332.420599998]
Middle Little Colorado|15020008|[-12398759.269000001, 4066957.6460999995, -12255923.389, 4232231.0731999995]
Cottonwood Wash|15020011|[-12317809.393, 4162746.3329000026, -12152552.518, 4288577.492900003]
Lower Little Colorado|15020016|[-12463579.9614, 4202683.984099999, -12345529.282, 4354027.754099999]
Dinnebito Wash|15020017|[-12383011.1069, 4221510.500699997, -12257941.168599999, 4372577.875199997]
Moenkopi Wash|15020018|[-12427327.3007, 4285084.847999997, -12267170.4047, 4410553.638099997]
Big Sandy|15030201|[-12682397.372499999, 4070621.1997999996, -12573520.191799998, 4225458.125399999]
Big Chino-Williamson Valley|15060201|[-12603084.980999999, 4108762.2480999976, -12491577.7942, 4282271.306099998]
Upper Verde|15060202|[-12533022.9482, 4093315.9130000025, -12399923.5284, 4215287.907600002]
Upper Puerco|15020006|[-12168807.5073, 4186262.897399999, -12037518.1727, 4309725.237899999]
San Francisco|15040004|[-12179078.979600001, 3892106.4113000035, -12065439.539, 4039436.1262000035]
Lake Mead|15010005|[-12801116.682300001, 4234978.318499997, -12624209.0039, 4386945.189599997]
Grand Wash|15010006|[-12711653.7578, 4327766.409000002, -12638348.7477, 4411267.214700002]
Lower Lake Powell|14070006|[-12458301.444400001, 4369489.781000003, -12320000.4667, 4524405.943300003]
Paria|14070007|[-12504368.502799999, 4399880.130599998, -12421840.2032, 4542615.763099998]
Lower San Juan-Four Corners|14080201|[-12236799.9241, 4409899.415100001, -12110850.5511, 4557894.449700001]
Lower San Juan|14080205|[-12345622.685800001, 4404814.7836000025, -12212410.8442, 4527681.865100003]
Kanab|15010003|[-12578112.0458, 4353463.756099999, -12478970.8781, 4509366.979699999]
Salt Basin|13050004|[-11794900.2677, 3510283.9888999984, -11592645.4433, 3869072.6820999985]
Upper Colorado-Kane Springs|14030005|[-12233169.5188, 4554334.761399999, -12133870.7412, 4726856.312499999]
Duchesne|14060003|[-12377378.5023, 4846695.0446000025, -12208959.9912, 4987992.522800002]
Lower Green-Desolation Canyon|14060005|[-12328170.193799999, 4742675.2870000005, -12204166.398599999, 4889979.413000001]
Price|14060007|[-12396586.4661, 4744181.6954, -12256911.6734, 4872782.929099999]
Lower Green|14060008|[-12315286.0962, 4593797.129199997, -12208341.8025, 4752678.700799997]
San Rafael|14060009|[-12411128.927000001, 4630390.265699998, -12256814.837700002, 4826447.550699998]
Upper Lake Powell|14070001|[-12368235.1489, 4464090.675800003, -12218121.5078, 4606357.338000003]
Muddy|14070002|[-12422834.2757, 4634835.2919000015, -12309491.9517, 4739545.294400002]
Fremont|14070003|[-12456133.7535, 4569423.886, -12320291.5118, 4685261.0561]
Escalante|14070005|[-12456779.350200001, 4470541.579400003, -12339856.2342, 4601493.669300003]
Upper Virgin|15010008|[-12683323.0801, 4439939.013300002, -12520096.3673, 4522711.157400002]
Lower Verde|15060203|[-12463959.0334, 3967334.4790999964, -12371737.150799999, 4136995.5128999962]
Willow|14060006|[-12229183.8331, 4742753.621100001, -12164381.294, 4873423.995600001]
Dirty Devil|14070004|[-12333864.4945, 4563657.048699997, -12259065.8046, 4659150.922399998]
Colorado Headwaters-Plateau|14010005|[-12145851.0901, 4713511.531999998, -11945398.0834, 4843135.903599998]
Colorado Headwaters|14010001|[-11952941.687199999, 4792275.224600002, -11758279.360799998, 4936852.137400002]
Roaring Fork|14010004|[-11963032.072900001, 4718470.336599998, -11853419.410300002, 4802776.014499998]
Upper White|14050005|[-12070165.9756, 4828582.449500002, -11929447.5589, 4921372.581000002]
East Fork Sevier|16030002|[-12512473.2052, 4495600.855300002, -12434541.4311, 4679623.179100002]
Middle Sevier|16030003|[-12525960.2163, 4614652.4595, -12405511.9826, 4780996.7463]
San Pitch|16030004|[-12453959.2763, 4726311.142700002, -12389474.5629, 4835041.403200001]
Trinity|18010211|[-13779061.224100001, 4926900.677000001, -13630657.2924, 5066861.145700001]
Upper Pit|18020002|[-13530105.965, 5001607.316100001, -13372932.0166, 5135018.908600002]
Lower Pit|18020003|[-13622169.0857, 4931864.221199997, -13448729.4153, 5104561.458599997]
McCloud|18020004|[-13618958.6328, 4978371.1049000025, -13554592.99, 5089457.035900002]
Sacramento Headwaters|18020005|[-13642048.690299999, 4969742.044399999, -13599703.264199998, 5073342.320299999]
North Fork Feather|18020121|[-13534881.7008, 4801592.869099997, -13449024.3848, 4939923.220299997]
East Branch North Fork Feather|18020122|[-13495333.7692, 4845026.233800001, -13380367.7522, 4912509.788400002]
Middle Fork Feather|18020123|[-13525359.5024, 4790550.650899999, -13369593.562099999, 4870285.463299999]
Big Chico Creek-Sacramento River|18020157|[-13641979.1964, 4817201.918799996, -13507629.013799999, 4919774.662399996]
Butte Creek|18020158|[-13583680.1229, 4748561.677199997, -13510494.9541, 4889128.000699997]
Red Willow|10250007|[-11301544.2848, 4897865.974600002, -11185696.8993, 5020889.427500002]
Surprise Valley|18080001|[-13391574.9753, 5022212.431999996, -13341585.5615, 5157475.787199996]
Honey-Eagle Lakes|18080003|[-13498039.8105, 4803664.749200001, -13328123.8904, 4987770.209400001]
Lost|18010204|[-13580326.3644, 5074842.9092999995, -13421088.9375, 5233822.355099999]
Upper Klamath|18010206|[-13722015.3487, 5107331.130000003, -13573978.206, 5211946.030900002]
Goose Lake|18020001|[-13459736.6405, 5111792.283500001, -13379168.2098, 5225986.701000001]
Illinois|17100311|[-13825917.738699999, 5143114.833800003, -13726804.6057, 5255832.367700003]
Lake Abert|17120006|[-13456050.225499999, 5202305.1395, -13363621.5114, 5319585.941]
Lower Souris|09010003|[-11386698.5557, 6057373.6131, -11151934.817400001, 6439750.7085]
Deep|09010005|[-11350555.2965, 6127146.395499997, -11200146.148599999, 6296623.576899997]
Moose Mountain Creek-Souris River|09010008|[-11531743.4931, 6081031.369099997, -11231981.9628, 6442736.630199997]
South Umpqua|17100302|[-13790273.1144, 5266180.895199999, -13627571.934799999, 5356729.581799999]
Umpqua|17100303|[-13826790.4743, 5349482.810599998, -13684884.3065, 5461357.557999997]
Coos|17100304|[-13857601.392900001, 5330899.235100001, -13754207.7946, 5424254.3067000015]
Coquille|17100305|[-13851614.283, 5260893.309799999, -13761638.4474, 5366508.234399999]
Upper Rogue|17100307|[-13686296.2884, 5193634.948899999, -13596170.748, 5332418.558199999]
Escalante Desert|16030006|[-12715311.5458, 4502163.957699999, -12517006.3541, 4623526.989999999]
Piceance-Yellow|14050006|[-12092131.1964, 4811347.746799998, -12006088.2515, 4891065.852899998]
Westwater Canyon|14030001|[-12214200.8986, 4695708.907799996, -12100547.0359, 4787628.340699997]
Mad-Redwood|18010102|[-13844209.7323, 4878801.135700002, -13706369.144100001, 5093380.408000003]
Butte|18010205|[-13602365.191100001, 5078395.669799998, -13551458.4481, 5171311.388699998]
Shasta|18010207|[-13664594.3028, 5059516.472499996, -13593812.396399999, 5135706.788399996]
Scott|18010208|[-13717213.2757, 5041290.377300002, -13643953.2931, 5128838.0704000015]
Lower Klamath|18010209|[-13814543.0144, 5010692.603, -13714501.9214, 5163675.4234]
Salmon|18010210|[-13747605.3735, 5011197.0726, -13680824.883200001, 5096229.0663]
Upper Republican|10250004|[-11330930.5604, 4846011.543799996, -11147885.0347, 4987652.569999997]
Williamson|18010201|[-13600150.8146, 5227590.950900003, -13502691.4024, 5364285.650300004]
Sprague|18010202|[-13566863.0053, 5190528.983199999, -13432988.2365, 5303803.852999999]
Upper Klamath Lake|18010203|[-13616062.2183, 5186223.456200004, -13548591.8011, 5298322.577600003]
Smith|18010101|[-13852953.6853, 5088016.695900001, -13763061.4491, 5182583.575]
Rio Chama|13020102|[-11913258.7234, 4299844.341700003, -11786977.8825, 4458444.702100002]
Rio Puerco|13020204|[-11955300.289, 4075784.499499999, -11890975.898400001, 4329020.787899999]
Caballo|13030101|[-12008035.6238, 3877224.3501999974, -11924078.815, 3964892.686399997]
Pecos Headwaters|13060001|[-11778387.1581, 4108113.321800001, -11582938.4686, 4298158.476200001]
Upper Pecos|13060003|[-11755849.7564, 3969991.475100003, -11552797.047600001, 4139743.0586000034]
Upper Pecos-Black|13060011|[-11724027.3727, 3752089.4447000027, -11516294.9967, 3897054.5654000025]
Blanco Canyon|14080103|[-12010380.8977, 4308182.9582, -11905466.0045, 4401631.9836]
Chaco|14080106|[-12143423.4958, 4240022.304200001, -11950144.4573, 4407669.9125000015]
Upper Gila|15040001|[-12098979.0627, 3884245.8061000034, -11998365.1174, 3994934.8286000034]
Middle San Juan|14080105|[-12166610.5872, 4361518.257100001, -12017906.1905, 4503488.129300001]
Upper San Juan|14080101|[-12051097.560899999, 4345482.288599998, -11865346.770499999, 4538334.729799998]
White|15010011|[-12857522.1617, 4456179.527099997, -12787412.4683, 4765145.069399997]
Meadow Valley Wash|15010013|[-12781039.3171, 4392268.795699999, -12694470.9997, 4633736.317399999]
Dry Lake Valley|16060009|[-12805397.1546, 4471967.4384, -12725048.6376, 4699154.351000001]
Lower Virgin|15010010|[-12743128.218600001, 4372948.3649, -12636461.346700002, 4524198.5891]
Lower Colorado-Marble Canyon|15010001|[-12488459.949900001, 4295117.190099999, -12412803.280900002, 4423587.920899999]
Lake Washington|17110012|[-13625534.807599999, 5985546.049400002, -13517562.733299999, 6094095.362500002]
Puyallup|17110014|[-13628065.422699999, 5906619.213299997, -13511339.115899999, 5990666.286299997]
Skokomish|17110017|[-13750706.7683, 5985559.546800002, -13703242.3752, 6047063.659800002]
Hood Canal|17110018|[-13734284.6802, 5996008.374300003, -13641127.611499999, 6097053.613900003]
Puget Sound|17110019|[-13726827.2653, 5939502.708400004, -13601778.6974, 6191057.549100003]
Upper Skagit|17110005|[-13564725.650899999, 6164415.455799997, -13431209.674999999, 6328207.035899997]
Dungeness-Elwha|17110020|[-13776672.3989, 6051437.356700003, -13664914.0675, 6199006.5999000035]
Harney-Malheur Lakes|17120001|[-13286662.6174, 5292278.290899999, -13179667.8235, 5442123.2266]
Silvies|17120002|[-13310960.719999999, 5366108.224200003, -13211570.655699998, 5511669.660100003]
Silver|17120004|[-13353847.5989, 5300665.1708, -13261064.2168, 5458463.139300001]
Summer Lake|17120005|[-13533990.6483, 5260640.869999997, -13316973.2531, 5421111.490299997]
Nisqually|17110015|[-13667387.0877, 5875902.449199997, -13548718.207, 5958273.898099997]
Lewis|17080002|[-13667763.629099999, 5734055.870499998, -13525597.698199999, 5832844.220899998]
Upper Cowlitz|17080004|[-13595358.6037, 5812714.690800004, -13508951.718400002, 5921599.306300004]
Lower Cowlitz|17080005|[-13707606.7599, 5790627.1032000035, -13585757.3006, 5891669.903500004]
Middle Fork Willamette|17090001|[-13694929.1379, 5366317.806599997, -13576583.072900001, 5478168.405099997]
Coast Fork Willamette|17090002|[-13711497.5802, 5389098.773000002, -13639880.199099999, 5469125.140400002]
Upper Willamette|17090003|[-13766236.2283, 5444426.120200001, -13616768.7218, 5607198.154200001]
Mckenzie|17090004|[-13704088.6899, 5443581.252999999, -13555155.133299999, 5544461.316499999]
North Santiam|17090005|[-13708196.514600001, 5537499.523500003, -13554234.684500001, 5605786.694700003]
South Santiam|17090006|[-13694066.013700001, 5506876.166100003, -13584069.0877, 5585390.142400003]
Middle Willamette|17090007|[-13761014.2611, 5582483.853500001, -13629123.3257, 5682504.3045000015]
Yamhill|17090008|[-13776736.635499999, 5608771.662900001, -13692060.893499998, 5691794.319800001]
Molalla-Pudding|17090009|[-13692568.438900001, 5594800.216499999, -13603470.738000002, 5669079.172899999]
Tualatin|17090010|[-13738732.2629, 5669571.620800003, -13653053.540000001, 5747544.071600003]
Clackamas|17090011|[-13648765.412700001, 5590153.9717999995, -13542172.777, 5693637.4783]
Lower Columbia-Sandy|17080001|[-13643399.988699999, 5645798.733099997, -13545254.748499999, 5748355.314199997]
Lower Willamette|17090012|[-13698266.4967, 5679106.1472999975, -13612605.9708, 5770946.937599998]
Applegate|17100309|[-13763818.1785, 5148582.378300004, -13664451.6908, 5228410.767100004]
North Umpqua|17100301|[-13741916.8608, 5307828.917599998, -13578107.3183, 5403341.051399998]
Middle Rogue|17100308|[-13742856.928, 5165491.956200004, -13633808.144399999, 5276144.1679000035]
Lower Rogue|17100310|[-13851862.8069, 5220397.593500003, -13706028.321, 5281518.952200003]
Lower Malheur|17050117|[-13148690.397, 5395639.550899997, -13021500.3685, 5478928.039899997]
Alvord Lake|17120009|[-13231360.206, 5132617.820600003, -13132646.1709, 5330618.595700003]
C.J. Strike Reservoir|17050101|[-12930467.4504, 5212478.8851, -12795274.8572, 5377957.226899999]
Middle Snake-Succor|17050103|[-13052579.1543, 5261657.856399998, -12909685.742800001, 5436908.051999998]
Middle Owyhee|17050107|[-13104427.8572, 5158109.7914, -12998467.6746, 5299576.932100001]
Jordan|17050108|[-13096237.441300001, 5253781.5295, -12963585.7968, 5350219.735]
Middle Snake-Payette|17050115|[-13046868.6032, 5436256.760600001, -12987672.9965, 5502507.746200001]
Bruneau|17050102|[-12947447.2192, 5071121.131700002, -12804181.0825, 5303658.121800002]
Upper Owyhee|17050104|[-13022036.9614, 5086006.378799997, -12869860.7777, 5273506.309399997]
Crooked-Rattlesnake|17050109|[-13166843.6475, 5193067.639600001, -13054263.8496, 5306725.328500002]
Lower Owyhee|17050110|[-13157772.816300001, 5289389.306500003, -13027186.2366, 5452549.8105000025]
Upper Malheur|17050116|[-13230397.879099999, 5318559.970299996, -13124631.576499999, 5523432.824199997]
Bully|17050118|[-13153699.9837, 5439989.933300003, -13051076.0198, 5506859.989800003]
Willow|17050119|[-13153715.356800001, 5460882.884800002, -13041439.0839, 5536954.160000002]
Burnt|17050202|[-13193529.3739, 5506815.2875000015, -13048771.8187, 5582403.360700002]
Clearwater|17060306|[-13033899.5026, 5787937.671099998, -12863350.3489, 5938233.482299998]
Powder|17050203|[-13171182.2243, 5552933.7346, -13025993.1103, 5651353.0013]
Imnaha|17060102|[-13056914.0834, 5630179.638499998, -12977911.8628, 5751116.051499997]
Wallowa|17060105|[-13113369.820799999, 5638698.8330999985, -13031031.552199999, 5741828.641999998]
Brownlee Reservoir|17050201|[-13079209.4038, 5487248.538199998, -12969238.877799999, 5662273.2031999985]
Lower Snake-Asotin|17060103|[-13088434.909400001, 5740567.446199998, -12999529.1574, 5848885.740399999]
North Fork Payette|17050123|[-12936562.590599999, 5478515.488799997, -12888741.880199999, 5656157.165899997]
Weiser|17050124|[-13029046.0287, 5489267.591700003, -12930301.259499999, 5640229.110600002]
Upper Salmon|17060201|[-12821675.8191, 5432694.5798999965, -12679887.2835, 5602492.691599997]
Middle Salmon-Panther|17060203|[-12757395.1711, 5573216.2742, -12654717.0226, 5733378.1444999995]
Lemhi|17060204|[-12678434.2478, 5526076.2858000025, -12578933.6898, 5664822.203700002]
Upper Middle Fork Salmon|17060205|[-12862904.899, 5501529.448200002, -12742613.4021, 5619116.186800002]
Lower Salmon|17060209|[-13008183.5414, 5645610.3999999985, -12905412.7246, 5806710.576299999]
Little Salmon|17060210|[-12977475.2004, 5587162.025899999, -12922965.3839, 5690613.155699999]
Hells Canyon|17060101|[-13005352.3336, 5643712.3913, -12955228.1105, 5768308.6448]
Bitterroot|17010205|[-12763471.9897, 5694079.4668999985, -12636478.2029, 5922319.5123999985]
Big Hole|10020004|[-12683537.3138, 5644847.267099999, -12505470.4422, 5790799.947299999]
Lower Kootenai|17010104|[-13096980.7948, 6182092.009300001, -12906416.904000001, 6485585.902400001]
Colville|17020003|[-13149356.9374, 6108574.384999998, -13077274.493, 6229704.847899998]
Sanpoil|17020004|[-13274034.2644, 6098128.282300003, -13186851.3774, 6231324.531400003]
Chief Joseph|17020005|[-13367541.982, 6068424.734300002, -13221306.845, 6176408.332900003]
Methow|17020008|[-13446167.7275, 6099238.8596, -13340371.4325, 6274503.58]
Lake Chelan|17020009|[-13477651.000799999, 6073638.673900001, -13355123.032499999, 6199005.233700001]
Upper Columbia-Entiat|17020010|[-13449001.432300001, 5911739.554300003, -13325631.654400002, 6134868.640700003]
Moses Coulee|17020012|[-13372912.1452, 5983824.0528, -13269167.112499999, 6085487.165999999]
Upper Crab|17020013|[-13280323.7214, 5974017.382700004, -13099261.9794, 6088081.077700004]
Banks Lake|17020014|[-13316167.081500001, 5994672.663199998, -13230067.0238, 6110893.188599998]
Lower Crab|17020015|[-13357786.6679, 5904145.534900002, -13160483.4521, 6024562.623400002]
Upper Columbia-Priest Rapids|17020016|[-13381268.6467, 5793210.831200004, -13154350.9878, 5933094.824200003]
Lower Yakima|17030003|[-13494043.0797, 5777593.146899998, -13269853.3268, 5884556.160999998]
Franklin D. Roosevelt Lake|17020001|[-13250072.2835, 6039820.196599998, -13062389.6918, 6488400.856599998]
Kettle|17020002|[-13289739.0214, 6212306.298199996, -13136915.221800001, 6475467.097599996]
Okanogan|17020006|[-13384670.693799999, 6121617.344300002, -13224466.018899998, 6556933.022200001]
Similkameen|17020007|[-13482621.1522, 6210622.657399997, -13294591.9659, 6443723.500499997]
Pend Oreille|17010216|[-13094451.0814, 6126843.6044000015, -13020948.4595, 6355043.794900001]
Salmon Falls|17040213|[-12840445.901700001, 5076537.572999999, -12722337.728500001, 5269519.966599999]
Upper Snake-Rock|17040212|[-12828788.4407, 5176976.555299997, -12677444.4006, 5351816.814399998]
Upper Grande Ronde|17060104|[-13218012.0312, 5614649.305, -13078125.648999998, 5761370.0671]
Umatilla|17070103|[-13312884.310600001, 5651597.351999998, -13137554.8625, 5772668.414499998]
Upper John Day|17070201|[-13378172.8853, 5450468.065499999, -13181076.6069, 5586576.288199998]
North Fork John Day|17070202|[-13332298.142099999, 5549388.154799998, -13160575.695999999, 5666178.542399998]
Middle Fork John Day|17070203|[-13286948.0841, 5534094.007399999, -13169740.390800001, 5617549.155699998]
Beaver-South Fork|17070303|[-13432721.632100001, 5385383.610100001, -13302274.251500001, 5521380.822400001]
Lower Deschutes|17070306|[-13560972.8682, 5530147.856200002, -13431289.741600001, 5723032.408200002]
Middle Columbia-Lake Wallula|17070101|[-13438105.4101, 5693707.329700001, -13203420.7253, 5828257.2916]
Walla Walla|17070102|[-13240439.455699999, 5741903.533500001, -13100074.0421, 5863176.349]
Klickitat|17070106|[-13526783.4084, 5729046.539899997, -13424680.548099998, 5862750.285299998]
Nehalem|17100202|[-13797360.118700001, 5720354.273000002, -13696031.749300001, 5795695.194000002]
Siletz-Yaquina|17100204|[-13820573.9029, 5538970.414999999, -13755294.3083, 5632297.055299999]
Upper Quinn|16040201|[-13198433.6437, 4977020.185199998, -13059269.249499999, 5212768.950499998]
Alsea|17100205|[-13827771.136500001, 5468345.779299997, -13739947.444300001, 5560829.980899997]
Siuslaw|17100206|[-13820063.5902, 5428696.659900002, -13706684.3704, 5510763.809200002]
Hoh-Quillayute|17100101|[-13899346.3781, 6039212.794100001, -13755526.7994, 6172931.006200002]
Lower Columbia-Clatskanie|17080003|[-13751327.6514, 5709732.037299998, -13602178.3106, 5845232.4509999985]
Skykomish|17110009|[-13584759.9125, 6030146.542099997, -13477004.271399999, 6116833.4164999975]
Sumas River|17110001|[-13625899.8225, 6249931.657300003, -13496442.8146, 6310104.611900003]
Queets-Quinault|17100102|[-13856986.8295, 5929282.0088, -13727503.505900001, 6073471.3499]
Nooksack|17110004|[-13660646.3364, 6202610.476400003, -13528421.85, 6288260.880900003]
Sauk|17110006|[-13545917.425900001, 6099790.797700003, -13459280.299400002, 6187319.032300003]
Lower Skagit|17110007|[-13640943.8342, 6149194.042599998, -13543542.4738, 6210469.341099998]
Stillaguamish|17110008|[-13625241.7928, 6105645.201300003, -13518346.5042, 6182628.724600002]
Snoqualmie|17110010|[-13586624.440299999, 5999188.389600001, -13495498.4815, 6077383.199800001]
Snohomish|17110011|[-13608904.5797, 6069586.032700002, -13544132.2574, 6135573.515600002]
Knife|10130201|[-11490520.2728, 5911661.151600003, -11284286.1306, 6021814.609900003]
Upper Heart|10130202|[-11505474.938, 5861359.088799998, -11332971.8151, 5973401.865099998]
Upper Crooked|17070304|[-13452962.2066, 5432196.069200002, -13340430.730899999, 5538816.649800002]
Lower Crooked|17070305|[-13504216.440000001, 5399595.817299999, -13388198.321200002, 5554679.605699999]
Yellowstone Headwaters|10070001|[-12346317.106800001, 5457046.129500002, -12214250.7562, 5661866.346000002]
Upper Sappa|10250010|[-11343748.628, 4752812.3983, -11193977.0251, 4844831.437399999]
Snake Headwaters|17040101|[-12343033.6012, 5395341.403399996, -12224425.0009, 5541696.426599996]
Lower Grande Ronde|17060106|[-13130915.8662, 5689083.183799997, -13006904.1485, 5805936.522099997]
Middle Columbia-Hood|17070105|[-13592653.013799999, 5666318.8653, -13426498.588899998, 5813400.282]
Upper Carson|16050201|[-13357651.6143, 4629541.459700003, -13297650.589499999, 4757729.576600003]
Lower Heart|10130203|[-11371763.9876, 5833454.654100001, -11225206.5856, 5954353.880100001]
Upper Cannonball|10130204|[-11505727.5915, 5795200.2929000035, -11277262.6579, 5892255.640300004]
Lower Cannonball|10130206|[-11307063.2972, 5775316.471900001, -11197675.8951, 5882841.583200001]
Cedar|10130205|[-11507168.9694, 5754078.870700002, -11266267.8682, 5860372.410800002]
Bad|10140102|[-11389262.5603, 5427210.909000002, -11164129.5179, 5544616.520300002]
Middle White|10140202|[-11394630.5631, 5340096.360699996, -11205544.0872, 5449965.056299997]
